block_seq_num,block_var_num,block_route_num,block_run_num
3984051,1,167,1
3984052,1,167,3
3984053,1,167,4
3984054,1,167,2
3984055,1,113,6
3984056,1,113,2
3984057,1,113,4
3984058,1,113,1
3984059,1,37,2
3984060,1,37,1
3984061,1,37,3
3984062,1,37,6
3984063,1,37,7
3984064,1,113,5
3984065,1,125,1
3984066,1,125,2
3984067,1,125,3
3984068,1,125,4
3984069,1,125,6
3984070,1,37,8
3984071,1,37,4
3984072,1,37,5
3984073,1,24,3
3984074,1,24,8
3984075,1,24,10
3984076,1,24,1
3984077,1,24,2
3984078,1,24,4
3984079,1,24,5
3984080,1,24,6
3984081,1,124,1
3984082,1,124,2
3984083,1,24,16
3984084,1,124,3
3984085,1,124,4
3984086,1,24,18
3984087,1,24,21
3984088,1,24,22
3984089,1,121,15
3984090,1,122,7
3984091,1,123,6
3984092,1,121,1
3984093,1,123,5
3984094,1,121,2
3984095,1,122,6
3984096,1,123,1
3984097,1,121,11
3984098,1,121,14
3984099,1,121,3
3984100,1,121,4
3984101,1,121,12
3984102,1,121,5
3984103,1,123,3
3984104,1,122,1
3984105,1,122,5
3984106,1,121,13
3984107,1,121,9
3984108,1,123,2
3984109,1,122,2
3984110,1,121,10
3984111,1,123,4
3984112,1,113,3
3984113,1,122,4
3984114,1,122,3
3984115,1,121,6
3984116,1,121,7
3984117,1,121,8
3984118,1,26,16
3984119,1,64,14
3984120,1,64,13
3984121,1,64,12
3984122,1,64,11
3984123,1,64,10
3984124,1,64,9
3984125,1,64,8
3984126,1,64,6
3984127,1,64,5
3984128,1,64,4
3984129,1,64,3
3984130,1,64,2
3984131,1,64,1
3984132,1,64,7
3984133,1,125,5
3984134,1,29,1
3984135,1,29,11
3984136,1,29,9
3984137,1,29,2
3984138,1,29,7
3984139,1,29,13
3984140,1,29,3
3984141,1,29,10
3984142,1,29,4
3984143,1,29,8
3984144,1,29,12
3984145,1,29,5
3984146,1,29,6
3984147,1,24,7
3984148,1,19,3
3984149,1,24,9
3984150,1,24,12
3984151,1,24,11
3984152,1,19,4
3984153,1,24,19
3984154,1,19,2
3984155,1,24,15
3984156,1,99,3
3984157,1,99,2
3984158,1,99,1
3984159,1,99,4
3984160,1,8,1
3984161,1,8,2
3984162,1,8,15
3984163,1,8,3
3984164,1,8,17
3984165,1,8,4
3984166,1,8,6
3984167,1,8,5
3984168,1,8,7
3984169,1,8,8
3984170,1,8,9
3984171,1,8,10
3984172,1,8,11
3984173,1,8,16
3984174,1,8,19
3984175,1,8,12
3984176,1,8,13
3984177,1,8,14
3984178,1,8,18
3984179,1,28,6
3984180,1,28,5
3984181,1,16,14
3984182,1,28,18
3984183,1,26,2
3984184,1,28,34
3984185,1,28,21
3984186,1,28,28
3984187,1,28,10
3984188,1,28,25
3984189,1,26,9
3984190,1,26,11
3984191,1,26,22
3984192,1,26,21
3984193,1,28,4
3984194,1,28,36
3984195,1,28,14
3984196,1,28,3
3984197,1,26,15
3984198,1,28,27
3984199,1,28,11
3984200,1,26,3
3984201,1,28,22
3984202,1,28,12
3984203,1,26,17
3984204,1,28,16
3984205,1,28,20
3984206,1,26,18
3984207,1,26,8
3984208,1,26,5
3984209,1,26,23
3984210,1,28,24
3984211,1,28,9
3984212,1,26,24
3984213,1,26,4
3984214,1,28,8
3984215,1,28,26
3984216,1,28,2
3984217,1,26,19
3984218,1,26,6
3984219,1,26,13
3984220,1,28,17
3984221,1,26,20
3984222,1,28,13
3984223,1,26,10
3984224,1,28,33
3984225,1,28,31
3984226,1,26,1
3984227,1,28,15
3984228,1,26,14
3984229,1,26,7
3984230,1,28,35
3984231,1,28,32
3984232,1,28,19
3984233,1,26,12
3984234,1,28,29
3984235,1,28,1
3984236,1,28,7
3984237,1,28,23
3984238,1,9,1
3984239,1,9,2
3984240,1,9,3
3984241,1,9,4
3984242,1,9,5
3984243,1,9,6
3984244,1,9,7
3984245,1,9,8
3984246,1,9,9
3984247,1,9,10
3984248,1,9,11
3984249,1,9,12
3984250,1,9,13
3984251,1,11,5
3984252,1,11,6
3984253,1,11,3
3984254,1,11,7
3984255,1,11,2
3984256,1,11,1
3984257,1,11,4
3984258,1,16,1
3984259,1,16,2
3984260,1,16,3
3984261,1,16,4
3984262,1,16,5
3984263,1,16,6
3984264,1,16,9
3984265,1,16,7
3984266,1,16,8
3984267,1,16,10
3984268,1,16,11
3984269,1,16,12
3984270,1,16,13
3984271,1,16,15
3984272,1,16,16
3984273,1,16,17
3984274,1,25,2
3984275,1,25,1
3984276,1,25,5
3984277,1,25,3
3984278,1,25,4
3984279,1,99,5
3984280,1,28,30
3984281,1,19,1
3984282,1,33,15
3984283,1,33,8
3984284,1,33,4
3984285,1,33,13
3984286,1,33,3
3984287,1,33,14
3984288,1,33,6
3984289,1,33,2
3984290,1,33,11
3984291,1,33,1
3984292,1,33,5
3984293,1,33,7
3984294,1,33,12
3984295,1,33,10
3984296,1,33,9
3984297,1,24,14
3984298,1,24,13
3984299,1,24,17
3984300,1,24,20
3984357,1,24,2
3984358,1,24,5
3984359,1,24,1
3984360,1,24,3
3984361,1,24,4
3984362,1,26,1
3984363,1,28,3
3984364,1,26,4
3984365,1,26,3
3984366,1,26,5
3984367,1,26,6
3984368,1,28,1
3984369,1,28,2
3984370,1,26,7
3984371,1,28,5
3984372,1,28,4
3984373,1,28,6
3984374,1,26,2
3984375,1,24,6
3984376,1,8,1
3984377,1,8,2
3984378,1,8,3
3984379,1,8,4
3984380,1,8,5
3984381,1,8,6
3984382,1,8,7
3984383,1,8,9
3984384,1,8,11
3984385,1,8,12
3984386,1,8,14
3984387,1,8,13
3984388,1,125,1
3984389,1,125,3
3984390,1,125,2
3984391,1,28,7
3984392,1,8,8
3984393,1,8,10
3984394,1,11,5
3984395,1,11,2
3984396,1,11,1
3984397,1,11,3
3984398,1,11,4
3984399,1,16,1
3984400,1,16,2
3984401,1,16,3
3984402,1,16,4
3984403,1,16,5
3984404,1,16,6
3984405,1,16,7
3984406,1,16,8
3984407,1,16,9
3984408,1,33,1
3984409,1,33,2
3984410,1,33,4
3984411,1,33,3
3984412,1,24,7
3984461,1,24,1
3984462,1,24,3
3984463,1,24,2
3984464,1,24,8
3984465,1,26,3
3984466,1,26,7
3984467,1,28,2
3984468,1,28,1
3984469,1,26,2
3984470,1,28,5
3984471,1,28,4
3984472,1,28,6
3984473,1,26,5
3984474,1,26,6
3984475,1,26,1
3984476,1,26,4
3984477,1,24,6
3984478,1,24,4
3984479,1,24,5
3984480,1,28,7
3984481,1,28,3
3984482,1,8,2
3984483,1,8,4
3984484,1,8,3
3984485,1,8,6
3984486,1,8,7
3984487,1,125,2
3984488,1,125,1
3984489,1,125,3
3984490,1,8,5
3984491,1,8,1
3984492,1,11,1
3984493,1,11,2
3984494,1,11,3
3984495,1,16,1
3984496,1,16,2
3984497,1,16,3
3984498,1,16,4
3984499,1,16,5
3984500,1,16,6
3984501,1,16,7
3984502,1,16,8
3984503,1,33,3
3984504,1,33,2
3984505,1,33,1
3984506,1,33,4
3984507,1,24,7
3984508,1,8,8
3984601,1,98,2
3984602,1,98,3
3984603,1,98,1
3984604,1,98,2
3984605,1,98,3
3984606,1,98,1
3984607,1,98,1
3984608,1,98,2
3984609,1,98,1
3984610,1,98,2
3986003,1,5,3
3986004,1,5,1
3986005,1,5,15
3986006,1,5,14
3986007,1,5,12
3986008,1,5,11
3986009,1,5,10
3986010,1,5,8
3986011,1,5,9
3986012,1,5,7
3986013,1,5,6
3986014,1,5,5
3986015,1,5,4
3986016,1,5,2
3986017,1,5,13
3986018,1,675,1
3986019,1,675,2
3986020,1,675,3
3986021,1,675,4
3986022,1,675,5
3986023,1,675,6
3986024,1,675,11
3986025,1,675,12
3986026,1,675,15
3986027,1,675,16
3986028,1,40,1
3986029,1,40,3
3986030,1,40,2
3986031,1,40,5
3986032,1,40,4
3986033,1,40,6
3986034,1,40,8
3986035,1,40,7
3986036,1,40,10
3986037,1,40,9
3986038,1,40,12
3986039,1,40,11
3986040,1,40,14
3986041,1,40,13
3986042,1,5,16
3986043,1,60,3
3986044,1,60,4
3986045,1,60,5
3986046,1,60,6
3986047,1,60,2
3986048,1,60,1
3986049,1,673,1
3986050,1,673,2
3986051,1,673,3
3986052,1,673,4
3986053,1,673,5
3986054,1,673,6
3986055,1,673,7
3986056,1,673,8
3986057,1,673,9
3986058,1,673,11
3986059,1,673,13
3986060,1,673,14
3986061,1,673,15
3986062,1,673,16
3986063,1,673,17
3986064,1,673,18
3986065,1,673,19
3986066,1,675,9
3986067,1,675,7
3986068,1,675,8
3986069,1,675,10
3986070,1,675,14
3986071,1,675,13
3986072,1,673,10
3986073,1,673,12
3986074,1,48,2
3986075,1,48,1
3986076,1,48,3
3986077,1,48,4
3986078,1,48,5
3986079,1,48,7
3986080,1,48,6
3986081,1,48,9
3986082,1,48,8
3986083,1,48,10
3986084,1,48,11
3986169,1,40,1
3986170,1,40,5
3986171,1,40,2
3986172,1,40,6
3986173,1,5,19
3986174,1,5,18
3986175,1,675,1
3986176,1,675,2
3986177,1,675,3
3986178,1,675,4
3986179,1,675,8
3986180,1,675,12
3986181,1,675,13
3986182,1,5,21
3986183,1,60,3
3986184,1,60,4
3986185,1,60,5
3986186,1,60,2
3986187,1,60,1
3986188,1,673,1
3986189,1,673,2
3986190,1,673,3
3986191,1,673,4
3986192,1,673,5
3986193,1,673,6
3986194,1,673,7
3986195,1,673,8
3986196,1,673,9
3986197,1,673,10
3986198,1,673,11
3986199,1,673,12
3986200,1,673,13
3986201,1,673,16
3986202,1,673,17
3986203,1,675,6
3986204,1,675,5
3986205,1,675,7
3986206,1,675,9
3986207,1,675,10
3986208,1,673,14
3986209,1,675,11
3986210,1,673,15
3986211,1,5,3
3986212,1,5,4
3986213,1,5,1
3986214,1,5,6
3986215,1,5,9
3986216,1,5,10
3986217,1,5,8
3986218,1,5,12
3986219,1,5,11
3986220,1,5,2
3986221,1,5,5
3986222,1,5,7
3986223,1,5,16
3986224,1,5,14
3986225,1,5,13
3986226,1,5,15
3986227,1,5,17
3986228,1,5,20
3986229,1,40,4
3986230,1,40,3
3986231,1,40,8
3986232,1,40,9
3986233,1,40,14
3986234,1,40,10
3986235,1,40,13
3986236,1,40,11
3986237,1,40,12
3986238,1,48,1
3986239,1,48,2
3986240,1,48,3
3986241,1,48,5
3986242,1,48,4
3986243,1,48,7
3986244,1,48,6
3986245,1,48,8
3986246,1,48,9
3986247,1,48,10
3986248,1,48,11
3986249,1,48,12
3986250,1,40,7
3986739,1,190,6
3986740,1,150,27
3986741,1,105,1
3986742,2,107,1
3986743,1,150,4
3986744,1,111,3
3986745,1,101,3
3986746,1,150,24
3986747,1,183,2
3986748,1,150,2
3986749,1,150,23
3986750,1,107,8
3986751,1,106,14
3986752,1,182,2
3986753,1,111,6
3986754,1,102,3
3986755,1,150,5
3986756,1,150,12
3986757,1,143,9
3986758,1,106,6
3986759,1,179,4
3986760,1,107,5
3986761,1,101,4
3986762,1,106,15
3986763,1,106,5
3986764,1,150,19
3986765,1,143,4
3986766,1,179,2
3986767,1,150,21
3986768,1,150,22
3986769,1,102,1
3986770,1,106,9
3986771,1,101,2
3986772,1,179,3
3986773,1,107,4
3986774,1,106,8
3986775,1,107,2
3986776,1,159,2
3986777,1,105,2
3986778,1,101,8
3986779,1,183,1
3986780,1,178,4
3986781,1,186,4
3986782,1,111,5
3986783,1,111,13
3986784,1,101,7
3986785,1,106,3
3986786,1,102,5
3986787,1,101,1
3986788,1,106,16
3986789,1,143,3
3986790,1,159,4
3986791,1,111,10
3986792,1,106,2
3986793,1,114,6
3986794,1,159,5
3986795,1,111,12
3986796,1,182,1
3986797,1,183,6
3986798,1,107,3
3986799,2,179,1
3986800,1,154,2
3986801,1,190,1
3986802,1,114,2
3986803,1,111,9
3986804,1,157,1
3986805,1,106,10
3986806,1,154,1
3986807,1,107,6
3986808,1,952,8
3986809,1,186,2
3986810,1,157,3
3986811,1,952,6
3986812,1,183,3
3986813,1,107,9
3986814,1,111,1
3986815,1,143,7
3986816,1,158,2
3986817,1,114,4
3986818,1,159,1
3986819,1,190,7
3986820,1,150,1
3986821,1,159,3
3986822,1,159,7
3986823,1,158,3
3986824,1,952,3
3986825,1,114,3
3986826,1,952,7
3986827,1,114,1
3986828,1,158,4
3986829,1,150,9
3986830,1,190,2
3986831,1,143,6
3986832,1,106,1
3986833,1,101,10
3986834,1,106,4
3986835,1,111,2
3986836,1,178,7
3986837,1,150,3
3986838,1,186,1
3986839,1,150,14
3986840,1,183,4
3986841,1,182,4
3986842,1,192,3
3986843,1,111,4
3986844,1,143,11
3986845,1,157,2
3986846,1,180,10
3986847,1,190,3
3986848,1,143,1
3986849,1,178,9
3986850,1,150,6
3986851,1,952,2
3986852,1,143,5
3986853,1,190,4
3986854,1,101,12
3986855,1,158,1
3986856,1,190,5
3986857,1,952,1
3986858,1,111,7
3986859,1,111,8
3986860,1,952,4
3986861,1,952,5
3986862,1,150,7
3986863,1,154,3
3986864,1,166,2
3986865,1,166,4
3986866,1,166,1
3986867,1,154,4
3986868,1,192,1
3986869,1,192,2
3986870,1,182,5
3986871,1,101,9
3986872,1,166,6
3986873,1,102,2
3986874,1,166,8
3986875,1,150,13
3986876,1,106,7
3986877,1,166,3
3986878,1,150,8
3986879,1,166,5
3986880,1,168,1
3986881,1,168,2
3986882,1,164,2
3986883,1,168,3
3986884,1,164,1
3986885,1,164,3
3986886,1,168,4
3986887,1,101,11
3986888,1,183,7
3986889,1,182,3
3986890,1,671,16
3986891,1,671,15
3986892,1,671,14
3986893,1,671,13
3986894,1,671,12
3986895,1,671,11
3986896,1,671,10
3986897,1,671,9
3986898,1,671,8
3986899,1,671,7
3986900,1,671,6
3986901,1,671,5
3986902,1,671,4
3986903,1,671,3
3986904,1,671,2
3986905,1,671,1
3986906,1,671,17
3986907,1,193,9
3986908,1,193,8
3986909,1,193,7
3986910,1,193,6
3986911,1,193,5
3986912,1,193,4
3986913,1,193,3
3986914,1,193,2
3986915,1,193,1
3986916,1,180,13
3986917,1,180,12
3986918,1,180,11
3986919,1,180,9
3986920,1,180,8
3986921,1,180,7
3986922,1,180,5
3986923,1,180,6
3986924,1,180,4
3986925,1,180,3
3986926,1,180,2
3986927,1,180,1
3986928,2,178,2
3986929,1,150,10
3986930,1,178,3
3986931,2,178,1
3986932,1,178,11
3986933,1,178,10
3986934,1,178,8
3986935,1,158,9
3986936,2,158,7
3986937,1,158,8
3986938,1,159,8
3986939,1,192,5
3986940,1,106,11
3986941,1,192,4
3986942,1,158,10
3986943,1,186,5
3986944,1,106,12
3986945,1,166,7
3986946,1,166,10
3986947,1,50,1
3986948,1,50,2
3986949,1,50,10
3986950,1,50,3
3986951,1,50,5
3986952,1,50,4
3986953,1,50,6
3986954,1,50,8
3986955,1,50,7
3986956,1,50,9
3986957,1,128,1
3986958,1,128,2
3986959,1,128,3
3986960,1,128,5
3986961,1,128,6
3986962,1,128,4
3986963,1,128,9
3986964,1,107,12
3986965,1,107,11
3986966,1,111,11
3986967,1,128,7
3986968,1,106,13
3986969,1,150,18
3986970,1,159,6
3986971,1,179,6
3986972,1,158,6
3986973,1,179,5
3986974,1,158,5
3986975,1,157,5
3986976,1,179,7
3986977,1,179,8
3986978,1,157,6
3986979,1,159,9
3986980,1,179,9
3986981,1,156,3
3986982,1,156,2
3986983,1,156,1
3986984,1,156,4
3986985,1,186,3
3986986,1,182,6
3986987,1,181,1
3986988,1,181,2
3986989,1,181,3
3986990,1,181,4
3986991,1,181,5
3986992,1,106,17
3986993,1,150,25
3986994,1,150,20
3986995,1,150,30
3986996,1,166,13
3986997,1,101,6
3986998,1,183,5
3986999,1,150,29
3987000,1,183,8
3987001,1,102,4
3987002,1,150,15
3987003,1,101,5
3987004,1,128,8
3987005,1,676,18
3987006,1,676,17
3987007,1,676,16
3987008,1,676,15
3987009,1,676,13
3987010,1,676,11
3987011,1,676,12
3987012,1,676,10
3987013,1,676,9
3987014,1,676,8
3987015,1,676,7
3987016,1,676,5
3987017,1,676,6
3987018,1,676,4
3987019,1,676,2
3987020,1,676,3
3987021,1,676,1
3987022,1,178,5
3987023,1,114,5
3987024,1,143,10
3987025,1,150,17
3987026,1,676,14
3987027,1,150,28
3987028,1,119,32
3987029,1,119,31
3987030,1,119,22
3987031,1,119,21
3987032,1,118,7
3987033,1,118,6
3987034,1,118,5
3987035,1,118,4
3987036,1,118,3
3987037,1,118,2
3987038,1,118,1
3987039,1,116,8
3987040,1,116,7
3987041,1,116,6
3987042,1,116,5
3987043,1,116,3
3987044,1,116,4
3987045,1,116,2
3987046,1,116,1
3987047,1,106,18
3987048,1,22,1
3987049,1,22,2
3987050,1,197,8
3987051,1,197,7
3987052,2,197,6
3987053,1,197,5
3987054,1,197,4
3987054,2,197,4
3987055,1,197,23
3987056,1,197,3
3987057,1,197,22
3987058,1,197,21
3987059,1,197,2
3987060,1,197,1
3987061,1,150,11
3987062,1,150,26
3987063,1,143,2
3987064,1,143,8
3987065,1,157,4
3987066,1,166,11
3987067,1,166,12
3987068,1,166,9
3987069,1,107,13
3987070,1,157,7
3987071,1,178,12
3987072,1,107,10
3987073,1,107,7
3987074,1,183,9
3987075,1,150,16
3987076,1,178,6
3987177,1,169,1
3987178,1,169,2
3987179,1,169,3
3987180,1,169,4
3987181,1,182,2
3987182,1,182,1
3987183,1,181,2
3987184,1,181,4
3987185,1,181,1
3987186,1,181,3
3987187,1,181,5
3987188,1,105,1
3987189,1,107,1
3987190,1,107,3
3987191,1,107,2
3987192,1,107,4
3987193,1,107,5
3987194,1,105,2
3987195,1,168,1
3987196,1,166,1
3987197,1,166,2
3987198,1,168,2
3987199,1,166,3
3987200,1,166,5
3987201,1,671,1
3987202,1,671,2
3987203,1,671,3
3987204,1,671,4
3987205,1,671,5
3987206,1,671,6
3987207,1,671,7
3987208,1,671,8
3987209,1,671,9
3987210,1,671,10
3987211,1,150,4
3987212,1,150,1
3987213,1,106,2
3987214,1,106,1
3987215,1,106,3
3987216,1,150,3
3987217,1,106,4
3987218,1,101,1
3987219,1,150,6
3987220,1,101,2
3987221,1,150,8
3987222,1,180,9
3987223,1,180,8
3987224,1,180,7
3987225,1,180,6
3987226,1,180,4
3987227,1,180,5
3987228,1,180,3
3987229,1,180,2
3987230,1,180,1
3987231,1,50,1
3987232,1,50,2
3987233,1,50,3
3987234,1,50,4
3987235,1,50,5
3987236,1,128,6
3987237,1,128,1
3987238,1,128,2
3987239,1,128,3
3987240,1,128,5
3987241,1,128,4
3987242,1,166,6
3987243,1,166,4
3987244,1,166,7
3987245,1,150,2
3987246,1,106,5
3987247,1,150,9
3987248,1,150,10
3987249,1,101,3
3987250,1,150,5
3987251,1,101,4
3987252,1,150,12
3987253,1,106,10
3987254,1,106,8
3987255,1,150,13
3987256,1,106,6
3987257,1,150,16
3987258,1,106,7
3987259,1,150,7
3987260,1,150,14
3987261,1,150,15
3987262,1,106,9
3987263,1,156,2
3987264,1,156,1
3987265,1,676,8
3987266,1,676,9
3987267,1,676,7
3987268,1,676,6
3987269,1,676,5
3987270,1,676,4
3987271,1,676,3
3987272,1,676,2
3987273,1,676,1
3987274,1,118,1
3987275,1,150,11
3987276,1,22,1
3987353,1,169,3
3987354,1,169,2
3987355,1,169,1
3987356,1,169,4
3987357,1,182,2
3987358,1,182,1
3987359,1,105,1
3987360,1,181,2
3987361,1,181,5
3987362,1,181,1
3987363,1,181,4
3987364,1,181,3
3987365,1,107,2
3987366,1,107,3
3987367,1,107,4
3987368,1,107,5
3987369,1,107,1
3987370,1,168,2
3987371,1,168,3
3987372,1,168,1
3987373,1,168,4
3987374,1,671,10
3987375,1,671,9
3987376,1,671,8
3987377,1,671,7
3987378,1,671,6
3987379,1,671,5
3987380,1,671,4
3987381,1,671,3
3987382,1,671,2
3987383,1,671,1
3987384,1,106,4
3987385,1,150,2
3987386,1,150,1
3987387,1,150,4
3987388,1,150,3
3987389,1,106,2
3987390,1,106,3
3987391,1,106,1
3987392,1,180,6
3987393,1,180,5
3987394,1,180,3
3987395,1,180,4
3987396,1,180,2
3987397,1,180,1
3987398,1,180,7
3987399,1,50,2
3987400,1,50,3
3987401,1,50,1
3987402,1,128,6
3987403,1,128,1
3987404,1,128,3
3987405,1,128,2
3987406,1,128,5
3987407,1,128,4
3987408,1,156,1
3987409,1,156,2
3987410,1,101,3
3987411,1,101,4
3987412,1,106,5
3987413,1,101,2
3987414,1,101,1
3987415,1,150,5
3987416,1,150,6
3987417,1,106,6
3987418,1,101,5
3987419,1,676,9
3987420,1,676,8
3987421,1,676,7
3987422,1,676,6
3987423,1,676,5
3987424,1,676,4
3987425,1,676,3
3987426,1,676,2
3987427,1,676,1
3987428,1,22,1
3987502,1,5,19
3987503,1,5,7
3987504,1,5,1
3987505,1,5,4
3987506,1,5,10
3987507,1,5,9
3987508,1,5,2
3987509,1,5,12
3987510,1,5,16
3987511,1,5,5
3987512,1,5,15
3987513,1,5,18
3987514,1,5,13
3987515,1,5,23
3987516,1,18,12
3987517,1,355,8
3987518,1,301,7
3987519,1,301,6
3987520,1,303,4
3987521,1,5,6
3987522,1,56,3
3987523,1,301,11
3987524,1,48,6
3987525,1,15,12
3987526,1,303,2
3987527,1,301,14
3987528,1,55,12
3987529,1,18,16
3987530,1,17,8
3987531,1,44,1
3987532,1,21,7
3987533,1,56,1
3987534,1,987,2
3987535,1,355,1
3987536,1,18,10
3987537,1,56,2
3987538,1,5,24
3987539,1,44,2
3987540,1,17,1
3987541,1,18,1
3987542,1,21,2
3987543,1,57,11
3987544,1,44,3
3987545,1,355,11
3987546,1,301,4
3987547,1,15,10
3987548,1,303,10
3987549,1,355,12
3987550,1,988,2
3987551,1,15,13
3987552,1,57,2
3987553,1,18,15
3987554,1,301,13
3987555,1,17,6
3987556,1,21,5
3987557,1,301,5
3987558,1,303,9
3987559,1,994,1
3987560,1,987,1
3987561,1,48,10
3987562,1,17,3
3987563,1,18,13
3987564,1,5,14
3987565,1,21,8
3987566,1,56,6
3987567,1,995,1
3987568,1,980,1
3987569,1,303,5
3987570,1,56,9
3987571,1,55,2
3987572,1,303,1
3987573,1,18,3
3987574,1,56,8
3987575,1,994,2
3987576,1,5,11
3987577,1,57,1
3987578,1,303,3
3987579,1,303,13
3987580,1,303,7
3987581,1,301,12
3987582,1,301,8
3987583,2,995,2
3987584,1,21,3
3987585,1,21,6
3987586,1,301,10
3987587,1,303,11
3987588,1,355,4
3987589,1,18,2
3987590,2,55,11
3987591,1,303,8
3987592,1,984,1
3987593,1,355,9
3987594,1,303,6
3987595,1,17,9
3987596,1,21,9
3987597,1,301,2
3987598,1,303,15
3987599,1,21,4
3987600,1,301,19
3987601,1,355,3
3987602,1,55,3
3987603,1,17,2
3987604,1,301,9
3987605,1,301,17
3987606,1,5,27
3987607,1,301,1
3987608,1,301,16
3987609,1,301,3
3987610,2,981,1
3987611,1,303,12
3987612,1,355,6
3987613,1,301,18
3987614,1,17,7
3987615,1,301,15
3987616,1,56,4
3987617,1,355,13
3987618,1,5,3
3987619,1,57,10
3987620,1,15,2
3987621,1,15,14
3987622,1,5,26
3987623,1,5,33
3987624,1,988,1
3987625,1,48,1
3987626,1,48,2
3987627,1,48,3
3987627,2,48,3
3987628,1,48,15
3987629,1,48,4
3987630,1,48,5
3987631,1,48,7
3987632,1,48,8
3987633,1,48,9
3987634,1,48,11
3987635,1,48,12
3987636,1,48,14
3987637,1,48,17
3987638,1,48,18
3987639,1,48,22
3987640,1,48,24
3987641,1,48,25
3987642,1,48,26
3987643,1,48,27
3987644,1,48,28
3987645,1,48,29
3987646,1,48,30
3987646,2,48,30
3987647,1,48,32
3987648,1,48,33
3987649,1,48,19
3987650,1,48,21
3987651,1,55,13
3987652,1,301,20
3987653,1,18,4
3987654,1,5,20
3987655,1,56,7
3987656,1,18,11
3987657,1,56,5
3987658,1,48,20
3987659,1,55,14
3987660,1,355,7
3987661,1,15,1
3987662,1,15,11
3987663,1,57,3
3987664,1,18,14
3987665,1,55,1
3987666,1,55,10
3987667,1,355,17
3987668,1,40,37
3987669,1,40,35
3987670,1,40,1
3987671,1,40,3
3987672,1,40,2
3987673,1,40,4
3987674,1,40,7
3987675,1,40,5
3987676,1,40,9
3987677,1,40,6
3987678,1,40,8
3987679,1,40,13
3987680,1,40,10
3987681,1,40,11
3987682,1,40,16
3987683,1,40,12
3987684,1,40,17
3987685,1,40,14
3987686,1,40,15
3987687,1,40,18
3987688,1,40,21
3987689,1,40,23
3987690,1,40,22
3987691,1,40,24
3987692,1,40,25
3987693,1,40,26
3987694,1,40,27
3987695,1,40,28
3987696,1,40,30
3987697,1,40,29
3987698,1,40,33
3987699,1,40,32
3987700,1,40,36
3987701,1,5,17
3987702,1,48,13
3987703,1,5,25
3987704,1,5,28
3987705,1,5,31
3987706,1,5,32
3987707,1,55,15
3987708,1,48,16
3987709,1,48,23
3987710,1,17,4
3987711,1,5,22
3987712,1,60,1
3987713,1,60,2
3987714,1,60,3
3987715,1,60,4
3987716,1,60,5
3987717,1,60,6
3987718,1,60,7
3987719,1,60,8
3987720,1,60,9
3987721,1,60,10
3987722,1,60,11
3987723,1,60,12
3987724,1,15,3
3987725,1,40,31
3987726,1,40,19
3987727,1,673,1
3987728,1,673,2
3987729,1,673,3
3987730,1,673,4
3987731,1,673,5
3987732,1,673,6
3987733,1,673,7
3987734,1,673,8
3987735,1,673,9
3987736,1,673,10
3987737,1,673,11
3987738,1,673,12
3987739,1,673,13
3987740,1,673,14
3987741,1,673,15
3987742,1,673,16
3987743,1,673,17
3987744,1,673,18
3987745,1,673,19
3987746,1,673,20
3987747,1,673,21
3987748,1,673,22
3987749,1,673,23
3987750,1,673,24
3987751,1,673,25
3987752,1,673,26
3987753,1,673,27
3987754,1,673,28
3987755,1,673,29
3987756,1,673,30
3987757,1,673,31
3987758,1,673,32
3987759,1,673,33
3987760,1,673,34
3987761,1,673,35
3987762,1,673,36
3987763,1,673,37
3987764,1,673,38
3987765,1,15,4
3987766,1,48,31
3987767,1,5,30
3987768,1,40,34
3987769,1,675,1
3987770,1,675,2
3987771,1,675,4
3987772,1,675,5
3987773,1,675,3
3987774,1,675,6
3987775,1,675,7
3987776,1,675,8
3987777,1,675,9
3987778,1,675,10
3987779,1,675,11
3987780,1,675,12
3987781,1,675,13
3987782,1,675,14
3987783,1,675,15
3987784,1,675,16
3987785,1,675,17
3987786,1,675,18
3987787,1,675,19
3987788,1,675,21
3987789,1,675,22
3987790,1,675,23
3987791,1,675,20
3987792,1,675,25
3987793,1,675,26
3987794,1,675,27
3987795,1,675,24
3987796,1,675,29
3987797,1,675,30
3987798,1,675,31
3987799,1,675,32
3987800,1,675,33
3987801,1,675,34
3987802,1,675,35
3987803,1,675,36
3987804,1,675,37
3987805,1,675,38
3987806,1,675,39
3987807,1,675,40
3987808,1,675,41
3987809,1,5,29
3989866,1,330,1
3989867,1,32,2
3989868,1,346,7
3989868,2,346,7
3989869,1,32,5
3989870,1,308,3
3989871,1,308,4
3989872,1,661,1
3989873,1,66,17
3989874,2,65,2
3989875,1,342,12
3989876,1,31,5
3989877,1,31,4
3989878,1,373,4
3989879,1,31,11
3989880,1,304,3
3989881,1,342,13
3989882,1,32,11
3989883,1,65,8
3989884,1,31,1
3989885,1,661,12
3989886,1,661,13
3989887,1,65,1
3989888,1,65,6
3989889,1,65,3
3989890,1,75,1
3989891,1,32,14
3989892,1,32,3
3989893,1,342,11
3989894,1,66,2
3989895,1,373,3
3989895,2,373,3
3989896,1,661,11
3989897,1,32,4
3989898,1,661,3
3989899,1,32,8
3989900,1,31,6
3989901,1,32,7
3989902,1,31,10
3989903,1,66,3
3989904,1,31,8
3989905,1,373,2
3989906,1,308,1
3989907,1,32,12
3989908,1,373,7
3989909,1,66,16
3989910,1,65,10
3989911,1,65,9
3989912,1,373,5
3989913,1,342,14
3989913,2,342,14
3989914,1,66,1
3989915,1,32,1
3989916,1,31,2
3989917,1,31,3
3989918,1,32,13
3989918,2,32,13
3989919,2,661,2
3989920,1,373,10
3989921,1,312,13
3989922,1,331,1
3989923,1,331,2
3989924,1,331,3
3989925,1,331,4
3989926,1,331,5
3989927,1,331,6
3989928,1,331,7
3989929,1,331,8
3989930,1,346,6
3989931,1,331,9
3989932,1,331,11
3989933,1,346,1
3989934,1,346,2
3989935,1,346,3
3989936,1,346,4
3989937,1,346,5
3989938,1,32,9
3989939,1,31,9
3989940,1,32,6
3989941,1,66,4
3989942,1,66,6
3989943,1,66,7
3989944,1,66,8
3989945,1,66,10
3989946,1,66,13
3989947,1,66,12
3989948,1,66,14
3989949,1,661,10
3989950,1,32,10
3989951,1,31,7
3989952,1,68,2
3989953,1,68,1
3989954,1,68,3
3989955,1,65,4
3989956,1,75,2
3989957,1,65,5
3989958,1,373,6
3989959,1,331,10
3989960,1,373,8
3989961,1,373,9
3989962,1,68,4
3989963,1,65,7
3989964,1,68,5
3989965,1,65,11
3989966,1,30,2
3989967,1,30,5
3989968,1,30,1
3989969,1,30,3
3989970,1,30,4
3989971,1,311,4
3989972,1,311,10
3989973,1,30,6
3989974,1,76,3
3989975,1,71,34
3989976,1,71,22
3989977,1,71,2
3989978,1,71,31
3989979,1,71,17
3989980,1,41,11
3989981,1,312,20
3989982,2,41,10
3989983,2,312,19
3989984,1,71,14
3989985,1,311,11
3989986,1,76,2
3989987,2,311,15
3989988,1,71,10
3989989,1,312,21
3989990,1,312,8
3989991,1,312,18
3989992,1,316,3
3989993,1,316,10
3989994,1,41,3
3989995,1,71,5
3989996,1,311,12
3989997,1,66,11
3989998,1,71,33
3989999,2,76,1
3990000,1,71,28
3990001,1,66,5
3990002,1,71,29
3990003,1,309,1
3990004,1,316,9
3990005,1,312,10
3990006,2,66,18
3990007,1,71,12
3990008,1,312,15
3990009,2,77,3
3990010,2,311,17
3990011,1,311,1
3990012,1,311,14
3990013,2,41,4
3990014,1,74,2
3990015,1,41,6
3990016,1,316,8
3990017,1,71,9
3990018,1,312,14
3990019,1,71,32
3990020,1,74,3
3990021,2,312,16
3990022,2,312,1
3990023,2,309,3
3990024,1,311,7
3990025,1,77,2
3990026,2,77,5
3990027,1,311,6
3990028,1,71,30
3990029,2,312,7
3990030,1,71,27
3990031,2,41,9
3990032,1,316,1
3990033,2,311,8
3990034,2,77,7
3990035,1,311,9
3990036,2,311,19
3990037,1,71,16
3990038,2,77,6
3990039,1,77,1
3990040,1,316,11
3990041,1,71,4
3990042,1,312,23
3990043,2,373,1
3990044,1,311,16
3990045,2,311,3
3990046,2,41,30
3990047,1,77,4
3990048,2,311,13
3990049,2,71,11
3990050,1,74,1
3990051,1,304,5
3990052,1,41,16
3990053,1,66,9
3990054,2,74,5
3990055,1,71,1
3990056,2,309,4
3990057,2,41,7
3990058,2,41,27
3990059,2,71,7
3990060,2,74,4
3990061,1,308,2
3990062,2,76,6
3990063,2,311,2
3990064,1,76,4
3990065,1,71,13
3990066,1,71,6
3990067,1,311,18
3990068,1,41,8
3990069,1,312,5
3990070,2,41,31
3990071,1,71,19
3990072,2,309,2
3990073,1,41,15
3990074,2,312,22
3990075,1,316,2
3990076,1,316,7
3990077,1,312,2
3990078,2,312,17
3990079,2,312,4
3990080,2,74,6
3990081,1,71,36
3990082,1,304,1
3990083,1,71,8
3990084,2,77,8
3990085,1,71,15
3990086,2,41,25
3990087,1,41,12
3990088,2,41,1
3990089,1,71,23
3990090,1,316,4
3990091,1,312,9
3990092,1,304,2
3990093,1,41,5
3990094,2,312,6
3990095,1,311,5
3990096,1,41,17
3990097,1,71,26
3990098,1,41,20
3990099,1,41,2
3990100,1,71,3
3990101,1,71,24
3990102,2,71,18
3990103,1,41,21
3990104,1,41,14
3990105,1,71,21
3990106,1,41,13
3990107,1,312,3
3990108,1,71,20
3990109,1,316,5
3990110,1,41,18
3990111,1,71,25
3990112,1,41,19
3990113,1,312,12
3990114,1,41,22
3990115,1,41,23
3990116,2,76,5
3990117,1,312,11
3990118,1,41,26
3990119,2,41,28
3990120,1,71,37
3990121,1,304,4
3990122,2,41,24
3990123,2,41,29
3990124,1,316,6
3990125,2,309,5
3990126,2,77,9
3990127,1,346,8
3990128,1,71,35
3990129,1,330,2
3990130,1,66,15
3992108,1,1,1
3992109,1,1,2
3992110,1,1,3
3992111,1,1,4
3992112,1,1,5
3992113,1,1,6
3992114,1,1,7
3992115,1,1,8
3992116,1,1,9
3992117,1,1,10
3992118,1,1,11
3992119,1,1,12
3992120,1,1,13
3992121,1,2,1
3992122,1,2,2
3992123,1,2,3
3992124,1,2,4
3992125,1,2,5
3992126,1,2,6
3992127,1,2,7
3992128,1,2,8
3992129,1,2,9
3992130,1,2,10
3992131,1,2,11
3992132,1,2,12
3992133,1,2,13
3992134,1,2,14
3992135,1,2,15
3992136,1,2,16
3992137,1,2,17
3992138,1,2,18
3992139,1,2,19
3992140,1,2,20
3992141,1,2,21
3992142,1,3,1
3992143,1,3,2
3992144,1,3,3
3992145,1,3,4
3992146,1,3,5
3992147,1,3,6
3992148,1,3,7
3992149,1,3,8
3992150,1,3,9
3992151,1,3,10
3992152,1,3,11
3992153,1,3,12
3992154,1,3,13
3992155,1,3,14
3992156,1,3,15
3992157,1,3,16
3992158,1,3,17
3992159,1,3,18
3992160,1,3,19
3992161,1,3,20
3992162,1,3,21
3992163,1,3,22
3992164,1,3,23
3992165,1,3,24
3992166,1,3,25
3992167,1,7,1
3992168,1,7,2
3992169,1,7,3
3992170,1,7,4
3992171,1,7,5
3992172,1,7,6
3992173,1,7,7
3992174,1,7,8
3992175,1,7,9
3992176,1,7,10
3992177,1,7,11
3992178,1,7,12
3992179,1,7,13
3992180,1,7,14
3992181,1,7,15
3992182,1,7,16
3992183,1,7,17
3992184,1,7,18
3992185,1,7,19
3992186,1,7,20
3992187,1,7,21
3992188,1,7,22
3992189,1,7,23
3992190,1,7,24
3992191,1,7,25
3992192,1,7,26
3992193,1,7,27
3992194,1,7,28
3992195,1,7,30
3992196,1,7,31
3992197,1,7,32
3992198,1,7,33
3992199,1,10,1
3992200,1,10,2
3992201,1,10,3
3992202,1,10,4
3992203,1,10,5
3992204,1,10,6
3992205,1,10,7
3992206,1,10,8
3992207,1,10,9
3992208,1,10,10
3992209,1,12,1
3992210,1,12,2
3992211,1,12,3
3992212,1,12,4
3992213,1,12,5
3992214,1,12,6
3992215,1,12,7
3992216,1,12,8
3992217,1,12,9
3992218,1,12,10
3992219,1,36,1
3992220,1,36,2
3992221,1,36,3
3992222,1,36,4
3992223,1,36,5
3992224,1,36,6
3992225,1,36,7
3992226,1,36,8
3992227,1,36,9
3992228,1,36,10
3992229,1,36,11
3992230,1,36,12
3992231,1,36,13
3992232,1,36,14
3992233,1,36,15
3992234,1,36,16
3992235,1,36,17
3992236,1,36,18
3992237,1,36,19
3992238,1,36,20
3992239,1,36,21
3992240,1,36,22
3992241,1,36,23
3992242,1,36,24
3992243,1,43,1
3992244,1,43,2
3992245,1,43,3
3992246,1,43,4
3992247,1,43,5
3992248,1,43,6
3992249,1,43,7
3992250,1,43,8
3992251,1,43,9
3992252,1,43,10
3992253,1,43,11
3992254,1,43,12
3992255,1,43,13
3992256,1,43,14
3992257,1,43,15
3992258,1,43,16
3992259,1,43,17
3992260,1,43,18
3992261,1,43,19
3992262,1,43,20
3992263,1,43,21
3992264,1,43,22
3992265,1,43,23
3992266,1,43,24
3992267,1,47,1
3992268,1,47,2
3992269,1,47,3
3992270,1,120,1
3992271,1,120,2
3992272,1,120,3
3992273,1,120,4
3992274,1,120,5
3992275,1,120,6
3992276,1,120,7
3992277,1,120,8
3992278,1,120,9
3992279,1,120,10
3992280,1,120,11
3992281,1,120,12
3992282,1,120,13
3992283,1,120,14
3992284,1,120,15
3992285,1,120,16
3992286,1,120,17
3992287,1,120,18
3992288,1,120,19
3992289,1,120,20
3992290,1,120,21
3992291,1,120,22
3992292,1,120,23
3992293,1,120,24
3992294,1,120,25
3992295,1,120,26
3992296,1,120,27
3992297,1,120,28
3992298,1,120,29
3992299,1,120,30
3992300,1,120,31
3992301,1,120,32
3992302,1,120,33
3992303,1,120,34
3992304,1,70,1
3992305,1,70,2
3992306,1,70,3
3992307,1,70,4
3992308,1,70,5
3992309,1,70,6
3992310,1,70,7
3992311,1,70,8
3992312,1,70,9
3992313,1,70,10
3992314,1,70,11
3992315,1,70,12
3992316,1,70,13
3992317,1,70,14
3992528,1,12,2
3992529,1,12,3
3992530,1,12,4
3992531,1,12,1
3992532,1,120,1
3992533,1,120,2
3992534,1,120,3
3992535,1,120,4
3992536,1,120,5
3992537,1,120,6
3992538,1,120,7
3992539,1,120,8
3992540,1,120,9
3992541,1,120,10
3992542,1,120,11
3992543,1,120,12
3992544,1,120,13
3992545,1,120,14
3992546,1,120,15
3992547,1,120,16
3992548,1,120,17
3992549,1,120,18
3992550,1,36,1
3992551,1,36,2
3992552,1,36,3
3992553,1,36,5
3992554,1,36,6
3992555,1,36,4
3992556,1,36,7
3992557,1,36,8
3992558,1,36,10
3992559,1,36,9
3992560,1,36,11
3992561,1,36,12
3992562,1,36,13
3992563,1,2,1
3992564,1,2,2
3992565,1,2,3
3992566,1,2,4
3992567,1,2,5
3992568,1,2,6
3992569,1,2,7
3992570,1,7,1
3992571,1,7,2
3992572,1,7,4
3992573,1,7,3
3992574,1,7,6
3992575,1,7,8
3992576,1,7,7
3992577,1,7,9
3992578,1,7,12
3992579,1,7,13
3992580,1,7,14
3992581,1,7,15
3992582,1,7,16
3992583,1,7,19
3992584,1,7,20
3992585,1,10,2
3992586,1,10,3
3992587,1,10,4
3992588,1,10,1
3992589,1,47,1
3992590,1,43,1
3992591,1,43,2
3992592,1,43,3
3992593,1,43,4
3992594,1,43,6
3992595,1,43,7
3992596,1,43,9
3992597,1,43,11
3992598,1,43,12
3992599,1,43,13
3992600,1,43,15
3992601,1,3,1
3992602,1,3,2
3992603,1,3,3
3992604,1,3,4
3992605,1,3,5
3992606,1,3,6
3992607,1,3,7
3992608,1,3,8
3992609,1,3,11
3992610,1,2,8
3992611,1,7,17
3992612,1,7,18
3992613,1,7,5
3992614,1,7,11
3992615,1,7,10
3992616,1,43,14
3992617,1,1,2
3992618,1,1,4
3992619,1,1,6
3992620,1,1,5
3992621,1,1,1
3992622,1,1,7
3992623,1,1,3
3992624,1,70,1
3992625,1,70,2
3992626,1,70,3
3992627,1,70,4
3992628,1,70,5
3992629,1,70,6
3992630,1,43,5
3992631,1,43,8
3992632,1,43,10
3992633,1,3,10
3992634,1,3,9
3992635,1,43,2
3992636,1,43,3
3992637,1,43,4
3992638,1,43,5
3992639,1,43,6
3992640,1,43,8
3992641,1,43,11
3992642,1,43,14
3992643,1,3,8
3992644,1,3,6
3992645,1,3,7
3992646,1,3,5
3992647,1,36,1
3992648,1,36,2
3992649,1,36,3
3992650,1,36,4
3992651,1,36,5
3992652,1,36,6
3992653,1,36,7
3992654,1,12,2
3992655,1,36,8
3992656,1,36,9
3992657,1,120,2
3992658,1,120,3
3992659,1,120,4
3992660,1,120,5
3992661,1,120,6
3992662,1,120,7
3992663,1,120,1
3992664,1,3,3
3992665,1,10,2
3992666,1,10,3
3992667,1,10,4
3992668,1,10,1
3992669,1,47,1
3992670,1,12,1
3992671,1,2,2
3992672,1,2,3
3992673,1,3,9
3992674,1,2,4
3992675,1,2,1
3992676,1,3,2
3992677,1,3,1
3992678,1,3,4
3992679,1,1,2
3992680,1,1,3
3992681,1,1,4
3992682,1,1,5
3992683,1,1,1
3992684,1,43,12
3992685,1,43,13
3992686,1,43,9
3992687,1,43,10
3992688,1,43,7
3992689,1,43,1
3992690,1,7,1
3992691,1,7,2
3992692,1,7,3
3992693,1,7,4
3992694,1,7,5
3992695,1,7,6
3992696,1,7,7
3992697,1,7,8
3992698,1,7,9
3992699,1,7,10
3992700,1,7,11
3992701,1,7,12
3992702,1,7,13
3992703,1,7,14
3992704,1,7,15
3992705,1,7,16
3992706,1,7,17
3992707,1,7,18
3992708,1,7,19
3992709,1,70,2
3992710,1,70,3
3992711,1,70,4
3992712,1,70,5
3992713,1,70,6
3992714,1,70,1
3993601,1,248,2
3993602,1,248,3
3993603,1,248,4
3993604,1,248,5
3993605,1,248,6
3993606,1,248,7
3993607,1,248,1
3993608,1,271,5
3993609,1,271,6
3993610,1,271,4
3993611,1,271,2
3993612,1,271,1
3993613,1,271,7
3993614,1,271,3
3993615,1,235,1
3993616,1,235,2
3993617,1,234,1
3993618,1,234,2
3993619,1,221,4
3993620,1,226,3
3993621,1,221,2
3993622,1,226,1
3993623,1,221,3
3993624,1,226,4
3993625,1,241,1
3993626,1,221,1
3993627,1,226,2
3993628,1,208,1
3993629,1,249,2
3993630,1,249,3
3993631,1,249,1
3993632,1,240,4
3993633,1,240,3
3993634,1,240,2
3993635,1,240,1
3993636,1,240,6
3993637,1,245,2
3993638,1,245,3
3993639,1,245,4
3993640,1,245,1
3993641,1,245,5
3993642,1,226,5
3993643,1,240,5
3993644,1,248,7
3993645,1,248,5
3993646,1,248,6
3993647,1,248,2
3993648,1,248,1
3993649,1,248,3
3993650,1,248,4
3993651,1,234,2
3993652,1,235,1
3993653,1,234,1
3993654,1,235,2
3993655,1,221,1
3993656,1,221,3
3993657,1,271,2
3993658,1,271,3
3993659,1,271,4
3993660,1,271,5
3993661,1,271,6
3993662,1,271,7
3993663,1,271,1
3993664,1,221,2
3993665,1,221,4
3993666,1,249,2
3993667,1,249,3
3993668,1,249,1
3993669,1,240,2
3993670,1,240,3
3993671,1,240,1
3993672,1,245,1
3993673,1,245,5
3993674,1,245,4
3993675,1,245,3
3993676,1,245,2
3993677,1,221,5
3993678,1,236,7
3993679,1,236,2
3993680,1,236,8
3993681,1,236,4
3993682,1,236,3
3993683,1,236,5
3993684,1,236,1
3993685,1,236,6
3993686,1,271,1
3993687,1,271,12
3993688,1,235,1
3993689,1,235,4
3993690,1,235,7
3993691,1,234,3
3993692,1,235,2
3993693,1,235,3
3993694,1,235,5
3993695,1,234,1
3993696,1,271,4
3993697,1,232,2
3993697,2,232,2
3993698,1,271,9
3993699,1,232,3
3993700,1,271,20
3993701,1,269,3
3993702,1,271,10
3993702,2,271,10
3993703,1,234,2
3993704,1,271,24
3993705,1,271,26
3993706,1,271,25
3993707,1,271,23
3993708,1,271,22
3993709,1,271,19
3993710,2,232,6
3993711,1,232,7
3993712,1,232,8
3993713,1,237,4
3993714,1,237,3
3993715,2,232,1
3993716,1,269,1
3993717,1,271,3
3993718,1,236,10
3993719,1,271,6
3993719,2,271,6
3993720,1,271,5
3993721,1,271,7
3993722,1,271,15
3993723,1,244,1
3993724,1,277,1
3993725,1,269,4
3993725,2,269,4
3993726,1,269,7
3993727,1,244,2
3993727,2,244,2
3993728,1,277,2
3993729,1,237,2
3993730,1,277,3
3993731,1,244,3
3993732,1,269,5
3993733,1,269,8
3993734,1,269,11
3993735,1,277,4
3993735,2,277,4
3993736,1,232,5
3993736,2,232,5
3993737,1,241,1
3993738,1,221,2
3993739,1,221,3
3993740,1,221,4
3993741,1,244,4
3993742,1,271,13
3993743,1,244,5
3993744,1,244,6
3993745,1,232,4
3993746,1,248,2
3993747,1,248,3
3993748,1,248,1
3993749,1,271,14
3993750,1,237,5
3993751,1,269,9
3993752,1,237,1
3993753,1,269,10
3993754,1,271,11
3993755,1,271,17
3993756,2,269,2
3993757,1,271,18
3993758,1,204,1
3993759,1,200,1
3993760,1,204,2
3993761,1,201,1
3993762,1,269,6
3993763,1,271,8
3993764,1,221,5
3993765,1,226,1
3993766,1,241,2
3993767,1,271,2
3993768,1,246,2
3993769,1,208,1
3993770,1,224,1
3993771,1,249,3
3993772,1,249,2
3993773,1,249,4
3993774,1,249,5
3993775,1,249,6
3993776,1,249,7
3993777,1,249,1
3993778,1,895,1
3993779,1,242,1
3993780,1,242,2
3993781,1,894,1
3993782,1,891,1
3993783,1,889,1
3993784,1,242,3
3993785,1,240,1
3993786,1,240,3
3993787,1,240,2
3993788,1,240,4
3993789,1,240,5
3993790,1,240,9
3993791,1,240,8
3993792,1,240,6
3993793,1,200,2
3993794,1,226,3
3993795,1,246,1
3993796,1,342,1
3993797,1,277,6
3993798,1,277,7
3993799,1,277,5
3993800,1,244,7
3993801,1,269,12
3993802,1,245,1
3993803,1,245,2
3993804,1,245,5
3993805,1,245,4
3993806,1,245,6
3993807,1,245,7
3993808,1,245,8
3993809,1,245,9
3993810,1,245,10
3993811,1,245,11
3993812,1,893,1
3993813,1,271,16
3993814,1,235,6
3993815,1,241,3
3993816,1,245,3
3993817,1,241,4
3993818,1,221,1
3993819,1,226,2
3993822,1,245,12
3993823,1,240,7
3993824,1,271,27
3993825,1,271,21
3993826,1,236,9
3993827,1,255,3
3993828,1,255,7
3993829,1,255,12
3993830,1,255,21
3993831,1,255,19
3993832,1,252,2
3993833,1,255,10
3993834,1,255,1
3993835,1,255,2
3993836,1,255,14
3993837,1,255,6
3993838,1,672,4
3993839,1,672,8
3993840,1,672,15
3993841,1,672,13
3993842,1,672,7
3993843,1,255,4
3993844,1,255,8
3993845,1,672,6
3993846,1,672,3
3993847,1,672,2
3993848,1,255,9
3993849,1,672,1
3993850,1,214,1
3993851,1,218,1
3993852,1,672,16
3993853,1,672,14
3993854,1,672,12
3993855,1,255,23
3993856,1,823,1
3993856,2,823,1
3993857,1,986,1
3993858,1,892,1
3993859,1,824,1
3993859,2,824,1
3993860,1,887,1
3993860,2,887,1
3993861,1,888,1
3993862,1,989,1
3993863,1,212,1
3993864,1,218,4
3993865,1,982,2
3993866,1,887,2
3993866,2,887,2
3993867,1,214,9
3993868,1,216,3
3993869,1,986,2
3993870,1,242,13
3993871,1,268,3
3993872,1,216,1
3993873,1,219,6
3993874,2,219,2
3993875,1,893,2
3993876,1,218,2
3993877,1,242,12
3993878,1,218,6
3993879,1,982,1
3993880,1,212,4
3993881,1,216,4
3993882,1,255,5
3993883,1,824,2
3993883,2,824,2
3993884,1,216,6
3993885,1,892,2
3993886,1,989,2
3993887,1,216,5
3993888,1,218,9
3993889,1,255,11
3993890,1,255,18
3993891,1,218,3
3993892,1,212,10
3993893,1,212,8
3993894,1,214,15
3993895,1,257,4
3993896,1,268,4
3993897,2,257,1
3993898,1,212,2
3993899,2,212,11
3993900,1,214,10
3993901,1,212,12
3993902,1,214,7
3993903,1,214,5
3993904,1,242,10
3993905,1,214,11
3993906,1,888,2
3993906,2,888,2
3993907,1,242,11
3993908,1,823,2
3993909,1,252,5
3993910,1,214,4
3993911,1,894,2
3993912,1,214,2
3993913,1,891,2
3993914,1,219,3
3993915,1,212,16
3993916,1,212,3
3993917,1,214,12
3993918,1,219,1
3993919,1,219,4
3993920,1,218,8
3993921,1,257,2
3993922,2,252,3
3993923,1,246,10
3993923,2,246,10
3993924,2,252,1
3993925,2,268,1
3993926,1,219,5
3993927,1,214,6
3993928,1,252,4
3993929,1,257,3
3993930,1,219,7
3993931,1,212,15
3993932,1,219,8
3993933,1,255,17
3993934,1,214,16
3993935,1,216,2
3993936,1,255,22
3993937,1,255,20
3993938,1,255,15
3993939,1,255,13
3993940,2,212,6
3993941,1,895,2
3993941,2,895,2
3993942,1,212,5
3993943,1,212,13
3993944,1,255,25
3993945,1,214,14
3993946,1,257,5
3993947,1,252,6
3993948,1,372,1
3993949,1,372,2
3993950,1,372,3
3993951,1,372,4
3993952,1,372,6
3993953,1,372,7
3993954,1,372,8
3993955,1,372,9
3993956,1,372,10
3993957,1,372,12
3993958,1,372,11
3993959,1,372,15
3993960,1,372,17
3993960,2,372,17
3993961,1,372,18
3993962,1,672,5
3993963,1,672,9
3993964,1,672,10
3993965,1,672,11
3993966,1,255,26
3993967,1,372,5
3993968,1,218,7
3993969,1,212,18
3993970,2,268,2
3993971,1,218,5
3993972,1,214,3
3993973,1,372,13
3993974,1,212,7
3993975,1,218,10
3993976,1,268,5
3993977,1,218,13
3993978,1,212,17
3993979,1,218,11
3993980,1,216,7
3993981,1,214,18
3993982,1,212,14
3993983,1,212,9
3993984,1,214,8
3993985,1,255,16
3993986,1,255,24
3993987,1,214,17
3993988,1,889,2
3993989,1,556,6
3993990,1,556,5
3993991,1,556,4
3993992,1,556,3
3993993,1,556,2
3993994,1,554,13
3993995,1,556,1
3993996,1,554,12
3993997,1,554,10
3993998,1,554,9
3993999,1,554,8
3994000,1,554,7
3994001,1,554,6
3994002,1,554,5
3994003,1,554,4
3994004,1,554,3
3994005,1,554,2
3994006,1,554,1
3994007,1,550,30
3994008,1,550,29
3994009,1,550,28
3994010,1,550,27
3994011,1,550,26
3994012,1,550,25
3994013,1,550,24
3994014,1,550,23
3994015,1,550,22
3994016,1,550,21
3994017,1,550,20
3994018,1,550,19
3994019,1,550,18
3994020,1,550,17
3994021,1,550,16
3994022,1,550,15
3994023,1,545,20
3994024,1,550,14
3994025,1,550,13
3994026,1,550,12
3994027,1,550,11
3994028,1,554,11
3994029,1,550,10
3994030,1,550,9
3994031,1,550,8
3994032,1,550,7
3994033,1,550,6
3994034,1,550,5
3994035,1,550,4
3994036,1,550,3
3994037,1,550,2
3994038,1,550,1
3994039,1,545,35
3994040,1,545,34
3994041,1,545,33
3994042,1,545,32
3994043,1,545,31
3994044,1,545,30
3994045,1,545,29
3994046,1,545,28
3994047,1,545,27
3994048,1,545,26
3994049,1,545,25
3994050,1,545,24
3994051,1,545,23
3994052,1,545,21
3994053,1,545,19
3994054,1,545,17
3994055,1,545,15
3994056,1,545,14
3994057,1,545,12
3994058,1,545,11
3994059,1,545,10
3994060,1,545,9
3994061,1,545,8
3994062,1,545,6
3994063,1,545,7
3994064,1,545,5
3994065,1,545,4
3994066,1,522,3
3994067,1,545,3
3994068,1,545,2
3994069,1,545,1
3994070,1,542,17
3994071,1,542,16
3994072,1,542,15
3994073,1,542,14
3994074,1,542,13
3994075,1,542,12
3994076,1,542,11
3994077,1,542,10
3994078,1,542,9
3994079,1,542,8
3994080,1,542,7
3994081,1,542,6
3994082,1,542,5
3994083,1,542,4
3994084,1,542,3
3994085,1,542,2
3994086,1,542,1
3994087,1,540,7
3994088,1,540,6
3994089,1,540,5
3994090,1,540,4
3994091,1,540,3
3994092,1,540,2
3994093,1,540,1
3994094,1,522,24
3994095,1,522,23
3994096,1,522,22
3994097,1,522,21
3994098,1,522,20
3994099,1,522,19
3994100,1,522,18
3994101,1,522,17
3994102,1,522,16
3994103,1,522,15
3994104,1,545,22
3994105,1,522,14
3994106,1,522,13
3994107,1,522,11
3994108,1,522,10
3994109,1,522,9
3994110,1,522,8
3994111,1,522,7
3994112,1,545,13
3994113,1,522,5
3994114,1,522,4
3994115,1,522,2
3994116,1,522,1
3994117,1,214,13
3994118,1,522,12
3994119,1,545,18
3994120,1,545,16
3994121,1,522,6
3994122,1,372,14
3994123,1,545,36
3994124,2,372,16
3994125,1,545,2
3994126,1,545,3
3994127,1,545,4
3994128,1,545,5
3994129,1,545,6
3994130,1,545,1
3994131,1,255,2
3994132,1,255,3
3994133,1,255,4
3994134,1,255,5
3994135,1,255,6
3994136,1,255,1
3994137,1,522,2
3994138,1,522,3
3994139,1,522,4
3994140,1,522,5
3994141,1,522,6
3994142,1,522,7
3994143,1,522,1
3994144,1,550,2
3994145,1,550,3
3994146,1,550,6
3994147,1,550,5
3994148,1,550,7
3994149,1,550,1
3994150,1,550,4
3994151,1,672,2
3994152,1,672,3
3994153,1,672,5
3994154,1,672,6
3994155,1,672,1
3994156,1,672,7
3994157,1,672,4
3994158,1,554,3
3994159,1,554,2
3994160,1,554,4
3994161,1,554,5
3994162,1,554,6
3994163,1,554,7
3994164,1,554,1
3994165,1,550,1
3994166,1,550,3
3994167,1,550,2
3994168,1,550,4
3994169,1,550,5
3994170,1,550,7
3994171,1,545,2
3994172,1,545,3
3994173,1,545,4
3994174,1,545,5
3994175,1,545,6
3994176,1,545,1
3994177,1,672,1
3994178,1,672,2
3994179,1,672,3
3994180,1,672,5
3994181,1,672,6
3994182,1,550,6
3994183,1,255,1
3994184,1,255,2
3994185,1,255,3
3994186,1,255,4
3994187,1,255,5
3994188,1,255,6
3994189,1,255,7
3994190,1,255,8
3994191,1,522,2
3994192,1,522,3
3994193,1,522,4
3994194,1,522,5
3994195,1,522,6
3994196,1,522,7
3994197,1,522,1
3994198,1,672,7
3994199,1,672,4
3994200,1,554,2
3994201,1,554,3
3994202,1,554,4
3994203,1,554,5
3994204,1,554,6
3994205,1,554,7
3994206,1,554,1
3994401,1,823,60
3994502,1,824,60
3994504,1,887,60
3994506,1,888,60
3994508,1,889,60
3994510,1,891,60
3994513,1,892,60
3994516,1,893,60
3994518,1,894,60
3994521,1,895,60
3997223,1,41,4
3997224,1,65,1
3997225,1,65,3
3997226,1,65,2
3997227,1,32,1
3997228,1,32,4
3997229,1,32,2
3997230,1,32,3
3997231,1,32,6
3997232,1,32,5
3997233,1,331,2
3997234,1,331,3
3997235,1,331,4
3997236,1,331,5
3997237,1,331,7
3997238,1,331,6
3997239,1,331,8
3997240,1,331,1
3997241,1,331,9
3997242,1,66,1
3997243,1,66,2
3997244,1,66,3
3997245,1,66,4
3997246,1,68,1
3997247,1,68,2
3997248,1,68,3
3997249,1,41,2
3997250,1,41,5
3997251,1,41,3
3997252,1,41,1
3997253,1,41,10
3997254,1,41,6
3997255,1,71,1
3997256,1,71,3
3997257,1,71,4
3997258,1,71,5
3997259,1,71,6
3997260,1,71,7
3997261,1,71,2
3997262,1,71,12
3997263,1,71,8
3997264,1,71,9
3997265,1,71,10
3997266,1,71,11
3997267,1,71,13
3997268,1,41,7
3997269,1,68,4
3997270,1,65,5
3997271,1,66,5
3997272,1,65,4
3997273,1,41,9
3997274,1,41,8
3997275,1,65,6
3997276,1,66,6
3997277,1,331,10
3997278,1,71,14
3997301,1,346,6
3997302,1,331,6
3997303,1,346,2
3997304,1,331,7
3997305,1,346,1
3997306,1,346,4
3997307,1,346,3
3997308,1,331,1
3997309,1,331,3
3997310,1,331,5
3997311,1,331,4
3997312,1,331,2
3997313,1,331,8
3997314,1,66,2
3997315,1,66,3
3997316,1,66,1
3997317,1,32,1
3997318,1,32,3
3997319,1,32,2
3997320,1,32,4
3997321,1,31,1
3997322,1,32,5
3997323,1,32,6
3997324,1,31,2
3997325,1,31,3
3997326,1,31,4
3997327,1,31,5
3997328,1,31,6
3997329,1,66,6
3997330,1,31,11
3997331,1,346,5
3997332,1,31,9
3997333,1,31,8
3997334,1,346,8
3997335,1,31,7
3997336,1,31,10
3997337,1,71,2
3997338,1,71,7
3997339,1,71,10
3997340,1,41,4
3997341,1,41,5
3997342,1,41,6
3997343,1,41,7
3997344,1,41,8
3997345,1,41,9
3997346,1,66,4
3997347,1,66,5
3997348,1,66,7
3997349,1,66,8
3997350,1,71,13
3997351,1,71,1
3997352,1,41,1
3997353,1,71,3
3997354,1,71,4
3997355,1,71,5
3997356,1,71,6
3997357,1,41,2
3997358,1,71,8
3997359,1,71,9
3997360,1,41,3
3997361,1,71,11
3997362,1,71,12
3997363,1,41,10
3997364,1,346,7
3997365,1,71,15
3997366,1,71,14
4027144,1,599,6
4027145,1,599,5
4027146,1,599,10
4027148,1,599,7
4027149,1,599,1
4027150,1,599,3
4027151,1,599,4
4027152,1,599,11
4027153,1,599,2
4027154,1,599,14
4027155,1,599,12
4027156,1,599,8
4027157,1,599,13
4027158,1,599,15
4027159,1,599,18
4027160,1,599,16
4027161,1,599,19
4027162,1,599,17
4027163,1,599,20
4027167,1,599,1
4027168,1,599,2
4027169,1,599,5
4027170,1,599,3
4027171,1,599,7
4027172,1,599,8
4027173,1,599,9
4027174,1,599,10
4027175,1,599,6
4027177,1,599,1
4027178,1,599,2
4027179,1,599,6
4027180,1,599,3
4027181,1,599,7
4027182,1,599,8
4027183,1,599,10
4027184,1,599,4
4027185,1,599,9
4044701,1,930,1
4044702,1,930,2
4044703,1,930,4
4044704,1,930,5
4044705,1,930,3
4044706,1,930,6
4044707,1,917,1
4044708,1,914,1
4044709,1,914,2
4044710,1,914,3
4044711,1,910,1
4044712,1,908,1
4044713,1,913,1
4044714,1,913,2
4044715,1,913,3
4044716,1,913,4
4044717,1,907,1
4044718,1,907,2
4044719,1,907,3
4044720,1,915,1
4044721,1,931,2
4044722,1,931,3
4044723,1,931,4
4044724,1,931,7
4044725,1,931,8
4044726,1,931,1
4044727,1,975,1
4044728,1,975,2
4044729,1,906,1
4044730,1,906,2
4044733,1,973,1
4044734,1,773,2
4044735,1,773,1
4044736,1,931,6
4044737,1,931,5
4044738,1,628,2
4044739,1,628,3
4044740,1,628,4
4044741,1,628,5
4044742,1,628,6
4044746,1,630,2
4044747,1,630,3
4044748,1,630,4
4044749,1,630,5
4044750,1,630,6
4044751,1,630,1
4044752,1,631,1
4044753,1,901,1
4044754,1,903,1
4044755,1,903,2
4044756,1,903,3
4044757,1,903,4
4044758,1,903,5
4044759,1,903,6
4044760,1,903,7
4044761,1,903,8
4044762,1,903,9
4044763,1,628,1
4044764,1,973,2
4044765,1,773,4
4044766,1,773,3
4044767,1,914,2
4044768,1,914,1
4044769,1,914,3
4044770,1,917,1
4044771,1,910,1
4044772,1,908,1
4044773,1,915,1
4044774,1,906,1
4044775,1,906,2
4044776,1,903,2
4044777,1,903,1
4044781,1,903,1
4044782,1,903,2
4045601,1,599,5
4045602,1,599,4
4045603,1,599,9
4118954,1,24,2
4118955,1,24,5
4118956,1,24,1
4118957,1,24,3
4118958,1,24,4
4118959,1,24,6
4118960,1,11,5
4118961,1,11,2
4118962,1,11,1
4118963,1,11,3
4118964,1,11,4
4118965,1,33,1
4118966,1,33,2
4118967,1,33,4
4118968,1,33,3
4118969,1,24,7
4118970,1,48,1
4118971,1,48,2
4118972,1,48,3
4118973,1,48,4
4118974,1,48,5
4118975,1,48,6
4118976,1,48,7
4118977,1,48,8
4118978,1,48,10
4118979,1,48,9
4118980,1,62,1
4118981,1,62,2
4118982,1,62,3
4118983,1,62,4
4118984,1,62,5
4118985,1,62,6
4118986,1,62,7
4118987,1,62,8
4118988,1,62,9
4118989,1,62,10
4118990,1,62,11
4118991,1,62,12
4118992,1,62,13
4118993,1,8,1
4118994,1,8,2
4118995,1,8,3
4118996,1,8,4
4118997,1,8,5
4118998,1,8,6
4118999,1,8,7
4119000,1,8,8
4119001,1,8,9
4119002,1,28,7
4119003,1,28,1
4119004,1,28,2
4119005,1,26,2
4119006,1,26,7
4119007,1,28,6
4119008,1,28,5
4119009,1,26,1
4119010,1,28,4
4119011,1,26,6
4119012,1,26,5
4119013,1,26,4
4119014,1,26,3
4119015,1,28,3
4119016,1,26,8
4119017,1,45,7
4119018,1,45,6
4119019,1,45,5
4119020,1,45,4
4119021,1,45,3
4119022,1,45,2
4119023,1,45,1
4119024,1,45,8
4119025,1,24,1
4119026,1,24,3
4119027,1,24,2
4119028,1,24,8
4119029,1,24,6
4119030,1,24,4
4119031,1,24,5
4119032,1,11,1
4119033,1,11,2
4119034,1,11,3
4119035,1,33,3
4119036,1,33,2
4119037,1,33,1
4119038,1,33,4
4119039,1,24,7
4119040,1,48,1
4119041,1,48,2
4119042,1,48,3
4119043,1,48,4
4119044,1,48,5
4119045,1,48,6
4119046,1,48,7
4119047,1,62,12
4119048,1,62,13
4119049,1,62,11
4119050,1,62,10
4119051,1,62,9
4119052,1,62,7
4119053,1,62,8
4119054,1,62,5
4119055,1,62,6
4119056,1,62,4
4119057,1,62,3
4119058,1,62,2
4119059,1,62,1
4119060,1,8,1
4119061,1,8,2
4119062,1,8,6
4119063,1,8,3
4119064,1,8,4
4119065,1,8,5
4119066,1,28,6
4119067,1,28,7
4119068,1,28,5
4119069,1,28,4
4119070,1,28,2
4119071,1,28,1
4119072,1,28,3
4119073,1,26,7
4119074,1,26,8
4119075,1,26,6
4119076,1,26,4
4119077,1,26,5
4119078,1,26,3
4119079,1,26,2
4119080,1,26,1
4119081,1,45,7
4119082,1,45,6
4119083,1,45,5
4119084,1,45,4
4119085,1,45,3
4119086,1,45,2
4119087,1,45,1
4119088,1,45,8
4119089,1,167,1
4119090,1,167,3
4119091,1,167,4
4119092,1,167,2
4119093,1,113,6
4119094,1,113,2
4119095,1,113,4
4119096,1,113,1
4119097,1,37,2
4119098,1,37,1
4119099,1,37,3
4119100,1,37,6
4119101,1,37,7
4119102,1,113,5
4119103,1,37,8
4119104,1,37,4
4119105,1,37,5
4119106,1,121,15
4119107,1,122,7
4119108,1,123,6
4119109,1,121,1
4119110,1,123,5
4119111,1,121,2
4119112,1,122,6
4119113,1,123,1
4119114,1,121,11
4119115,1,121,14
4119116,1,121,3
4119117,1,121,4
4119118,1,121,12
4119119,1,121,5
4119120,1,123,3
4119121,1,122,1
4119122,1,122,5
4119123,1,121,13
4119124,1,121,9
4119125,1,123,2
4119126,1,122,2
4119127,1,121,10
4119128,1,123,4
4119129,1,122,4
4119130,1,122,3
4119131,1,121,6
4119132,1,121,7
4119133,1,121,8
4119134,1,29,1
4119135,1,29,11
4119136,1,29,9
4119137,1,29,2
4119138,1,29,7
4119139,1,29,13
4119140,1,29,3
4119141,1,29,10
4119142,1,29,4
4119143,1,29,8
4119144,1,29,12
4119145,1,29,5
4119146,1,29,6
4119147,1,99,4
4119148,1,99,2
4119149,1,99,1
4119150,1,99,5
4119151,1,9,1
4119152,1,9,2
4119153,1,9,3
4119154,1,9,4
4119155,1,9,5
4119156,1,9,6
4119157,1,9,7
4119158,1,9,8
4119159,1,9,9
4119160,1,9,10
4119161,1,9,11
4119162,1,9,12
4119163,1,11,5
4119164,1,11,6
4119165,1,11,3
4119166,1,11,7
4119167,1,11,2
4119168,1,11,1
4119169,1,11,4
4119170,1,99,3
4119171,1,33,15
4119172,1,33,8
4119173,1,33,4
4119174,1,33,12
4119175,1,33,3
4119176,1,33,14
4119177,1,33,6
4119178,1,33,2
4119179,1,33,10
4119180,1,33,1
4119181,1,33,5
4119182,1,33,7
4119183,1,33,11
4119184,1,33,9
4119185,1,19,1
4119186,1,19,2
4119187,1,19,3
4119188,1,19,4
4119189,1,24,1
4119190,1,24,2
4119191,1,24,3
4119192,1,24,4
4119193,1,24,5
4119194,1,24,6
4119195,1,24,7
4119196,1,24,8
4119197,1,24,9
4119198,1,24,10
4119199,1,24,11
4119200,1,24,12
4119201,1,24,13
4119202,1,24,14
4119203,1,24,15
4119204,1,24,16
4119205,1,24,17
4119206,1,24,18
4119207,1,24,19
4119208,1,24,20
4119209,1,24,21
4119210,1,124,1
4119211,1,124,2
4119212,1,124,3
4119213,1,124,4
4119214,1,33,13
4119215,1,48,1
4119216,1,48,2
4119217,1,48,3
4119218,1,48,4
4119219,1,48,5
4119220,1,48,6
4119221,1,48,7
4119222,1,48,8
4119223,1,48,9
4119224,1,48,10
4119225,1,48,11
4119226,1,48,12
4119226,2,48,12
4119227,1,48,13
4119228,1,48,14
4119229,1,48,15
4119230,1,48,16
4119231,1,48,17
4119232,1,48,19
4119233,1,62,1
4119234,1,62,4
4119235,1,62,2
4119236,1,62,6
4119237,1,62,5
4119238,1,62,22
4119239,1,62,7
4119241,1,62,17
4119242,1,62,9
4119243,1,62,11
4119244,1,62,23
4119245,1,62,12
4119246,1,62,13
4119247,1,62,18
4119248,1,62,14
4119249,1,62,19
4119250,1,62,15
4119251,1,62,16
4119252,1,62,21
4119253,1,8,1
4119254,1,8,2
4119255,1,8,3
4119256,1,8,14
4119257,1,8,4
4119258,1,8,5
4119259,1,8,6
4119260,1,8,13
4119261,1,8,7
4119262,1,8,8
4119263,1,8,9
4119264,1,8,10
4119265,1,8,11
4119266,1,8,15
4119267,1,8,12
4119268,1,26,1
4119269,1,28,8
4119270,1,26,18
4119271,1,26,2
4119272,1,28,9
4119273,1,28,1
4119274,1,28,20
4119275,1,28,2
4119276,1,26,3
4119277,1,28,4
4119278,1,26,14
4119279,1,28,3
4119280,1,26,13
4119281,1,28,25
4119282,1,26,4
4119283,1,26,5
4119284,1,28,5
4119285,1,28,6
4119286,1,28,19
4119287,1,26,6
4119288,1,28,7
4119289,1,26,7
4119290,1,26,8
4119291,1,26,9
4119292,1,28,18
4119293,1,28,23
4119294,1,28,10
4119295,1,26,10
4119296,1,28,12
4119297,1,28,11
4119298,1,26,15
4119299,1,28,13
4119300,1,28,21
4119301,1,26,11
4119302,1,26,16
4119303,1,26,12
4119304,1,28,24
4119305,1,28,16
4119306,1,28,15
4119307,1,28,17
4119308,1,28,26
4119309,1,26,17
4119310,1,28,22
4119311,1,62,20
4119312,1,64,3
4119313,1,64,6
4119314,1,64,10
4119315,1,64,8
4119316,1,64,4
4119317,1,64,7
4119318,1,64,5
4119319,1,64,2
4119320,1,64,11
4119321,1,64,12
4119322,1,64,9
4119323,1,62,3
4119324,1,62,8
4119325,1,64,1
4119326,1,48,18
4119327,1,48,20
4119328,1,45,20
4119329,1,45,19
4119330,1,45,14
4119331,1,45,15
4119332,1,45,16
4119333,1,45,17
4119334,1,45,18
4119335,1,45,12
4119335,2,45,12
4119336,1,45,13
4119337,1,45,8
4119338,1,45,9
4119339,1,45,10
4119340,2,45,11
4119341,1,45,6
4119342,1,45,7
4119343,1,45,4
4119344,1,45,5
4119345,1,45,3
4119346,1,45,2
4119347,1,45,1
4126231,1,159,7
4126260,1,190,6
4126263,1,190,7
4126266,1,111,8
4126281,1,101,10
4126337,1,178,7
4126338,1,178,6
4126339,1,178,5
4126375,1,179,8
4126377,1,179,7
4126380,1,179,9
4126381,1,179,11
4126384,1,179,12
4126438,1,116,7
4126446,1,22,1
4126447,1,22,2
4126452,2,197,5
4126453,2,197,4
4126470,1,106,5
4126471,1,101,18
4126472,1,179,2
4126473,1,179,5
4126474,1,179,10
4126475,1,179,13
4126476,1,190,5
4126477,1,190,1
4126478,1,190,8
4126479,1,190,11
4126482,1,178,9
4126492,1,177,4
4126493,1,178,8
4126495,1,177,5
4126498,1,178,10
4126608,1,105,1
4126681,1,101,1
4126682,1,105,2
4126773,1,105,1
4126835,1,101,1
4127101,1,599,13
4127102,1,599,2
4127103,1,599,16
4127104,1,599,14
4127105,1,599,9
4127106,1,599,10
4127107,1,599,12
4127108,1,599,7
4127109,1,599,8
4127110,1,599,17
4127111,1,599,11
4127112,1,599,6
4127113,1,599,18
4127114,1,599,19
4127115,1,599,22
4127116,1,599,23
4127117,1,599,20
4127118,1,599,21
4127122,1,599,5
4127123,1,599,15
4127124,1,599,1
4127125,1,599,3
4127126,1,599,4
4127127,1,599,1
4127128,1,599,5
4127129,1,599,7
4127130,1,599,3
4127131,1,599,8
4127132,1,599,9
4127133,1,599,10
4127134,1,599,11
4127135,1,599,2
4127136,1,599,6
4127137,1,599,4
4127138,1,599,1
4127139,1,599,2
4127140,1,599,7
4127141,1,599,4
4127142,1,599,8
4127143,1,599,10
4127144,1,599,9
4127145,1,599,11
4127146,1,599,3
4127147,1,599,5
4127148,1,599,6
4127181,1,98,1
4127182,1,98,2
4127183,1,98,1
4127184,1,98,2
4127348,1,271,1
4127349,1,271,12
4127350,1,235,1
4127351,1,235,4
4127352,1,235,7
4127353,1,234,3
4127354,1,235,2
4127355,1,235,3
4127356,1,235,5
4127357,1,234,1
4127358,1,271,4
4127359,1,232,2
4127360,1,271,9
4127361,1,232,3
4127362,1,271,20
4127362,2,271,20
4127363,1,269,3
4127364,1,271,10
4127365,1,234,2
4127366,1,271,24
4127367,1,271,26
4127368,1,271,25
4127369,1,271,23
4127370,1,271,22
4127371,1,271,19
4127372,1,232,6
4127373,1,232,7
4127374,1,232,8
4127375,1,237,4
4127376,1,237,3
4127377,1,232,1
4127378,1,269,1
4127379,1,271,3
4127380,2,271,6
4127381,1,271,5
4127382,1,271,7
4127383,1,271,15
4127384,1,244,1
4127385,1,277,1
4127386,1,269,4
4127386,2,269,4
4127387,1,269,7
4127388,1,244,2
4127388,2,244,2
4127389,1,277,2
4127390,1,237,2
4127391,1,277,3
4127392,1,244,3
4127393,1,269,5
4127394,1,269,8
4127395,1,269,11
4127396,1,277,4
4127397,1,232,5
4127397,2,232,5
4127398,1,241,1
4127399,1,221,2
4127400,1,221,3
4127401,1,221,4
4127402,1,244,4
4127403,1,271,13
4127404,1,244,5
4127405,1,244,6
4127406,1,232,4
4127407,1,248,2
4127408,1,248,3
4127409,1,248,1
4127410,1,271,14
4127411,1,237,5
4127412,1,269,9
4127413,1,237,1
4127414,1,269,10
4127415,1,271,11
4127416,1,271,17
4127417,1,269,2
4127418,1,271,18
4127419,1,204,1
4127420,1,204,2
4127421,1,201,1
4127422,1,269,6
4127423,1,271,8
4127424,1,221,5
4127425,1,226,1
4127426,1,241,2
4127427,1,271,2
4127428,1,246,2
4127429,1,208,1
4127430,1,224,1
4127431,1,249,3
4127432,1,249,2
4127433,1,249,4
4127434,1,249,5
4127435,1,249,6
4127436,1,249,7
4127437,1,249,1
4127438,1,895,1
4127439,1,894,1
4127440,1,891,1
4127441,1,889,1
4127442,1,226,3
4127443,1,246,1
4127444,1,342,1
4127445,1,277,6
4127446,1,277,7
4127447,1,277,5
4127448,1,244,7
4127449,1,269,12
4127450,1,245,1
4127451,1,245,2
4127452,1,245,5
4127453,1,245,4
4127454,1,245,6
4127455,1,245,7
4127456,1,245,8
4127457,1,245,9
4127458,1,245,10
4127459,1,245,11
4127460,1,893,1
4127461,1,271,16
4127462,1,235,6
4127463,1,241,3
4127464,1,245,3
4127465,1,221,1
4127466,1,226,2
4127467,1,245,12
4127468,1,271,27
4127469,1,271,21
4127470,1,200,2
4127471,1,200,1
4127472,1,240,1
4127473,1,240,2
4127474,1,240,3
4127475,1,240,4
4127476,1,240,5
4127477,1,240,6
4127478,1,240,7
4127479,1,240,8
4127480,1,240,9
4127481,1,240,10
4127482,1,240,11
4127483,1,241,4
4127484,1,236,5
4127485,1,236,6
4127486,1,236,10
4127487,1,236,4
4127488,1,236,11
4127489,1,236,8
4127490,1,236,7
4127491,1,236,3
4127492,1,236,2
4127493,1,236,1
4127494,1,236,9
4127538,1,248,2
4127539,1,248,3
4127540,1,248,4
4127541,1,248,5
4127542,1,248,6
4127543,1,248,7
4127544,1,248,1
4127545,1,271,5
4127546,1,271,6
4127547,1,271,4
4127548,1,271,2
4127549,1,271,1
4127550,1,271,7
4127551,1,271,3
4127552,1,235,1
4127553,1,235,2
4127554,1,234,1
4127555,1,234,2
4127556,1,221,4
4127557,1,226,3
4127558,1,221,2
4127559,1,226,1
4127560,1,221,3
4127561,1,226,4
4127562,1,241,1
4127563,1,221,1
4127564,1,226,2
4127565,1,208,1
4127566,1,249,2
4127567,1,249,3
4127568,1,249,1
4127569,1,240,4
4127570,1,240,3
4127571,1,240,2
4127572,1,240,1
4127573,1,240,6
4127574,1,245,2
4127575,1,245,3
4127576,1,245,4
4127577,1,245,1
4127578,1,245,5
4127579,1,226,5
4127580,1,240,5
4128080,1,5,3
4128081,1,5,1
4128082,1,5,15
4128083,1,5,14
4128084,1,5,12
4128085,1,5,11
4128086,1,5,10
4128087,1,5,8
4128088,1,5,9
4128089,1,5,7
4128090,1,5,6
4128091,1,5,5
4128092,1,5,4
4128093,1,5,2
4128094,1,5,13
4128095,1,40,1
4128096,1,40,3
4128097,1,40,2
4128098,1,40,5
4128099,1,40,4
4128100,1,40,6
4128115,1,248,7
4128116,1,248,5
4128117,1,248,6
4128118,1,248,2
4128119,1,248,1
4128120,1,248,3
4128121,1,248,4
4128122,1,234,2
4128123,1,235,1
4128124,1,234,1
4128125,1,235,2
4128126,1,221,1
4128127,1,221,3
4128128,1,271,2
4128129,1,271,3
4128130,1,271,4
4128131,1,271,5
4128132,1,271,6
4128133,1,271,7
4128134,1,271,1
4128135,1,221,2
4128136,1,221,4
4128137,1,249,2
4128138,1,249,3
4128139,1,249,1
4128140,1,240,2
4128141,1,240,3
4128142,1,240,1
4128143,1,245,1
4128144,1,245,5
4128145,1,245,4
4128146,1,245,3
4128147,1,245,2
4128148,1,221,5
4128452,1,672,4
4128453,1,672,8
4128454,1,672,15
4128455,1,672,13
4128456,1,672,7
4128457,1,672,6
4128458,1,672,3
4128459,1,672,2
4128460,1,672,1
4128461,1,672,16
4128462,1,672,14
4128463,1,672,12
4128464,1,986,1
4128465,1,824,1
4128465,2,824,1
4128466,1,888,1
4128466,2,888,1
4128467,1,989,1
4128468,1,982,2
4128469,1,887,2
4128469,2,887,2
4128470,1,268,4
4128471,1,982,1
4128472,1,824,2
4128472,2,824,2
4128473,1,892,2
4128474,1,989,2
4128475,1,212,12
4128476,1,212,9
4128477,1,257,4
4128478,1,268,5
4128479,1,212,3
4128480,1,212,13
4128481,1,823,2
4128481,2,823,2
4128482,1,252,6
4128483,1,894,2
4128484,1,212,18
4128485,1,257,2
4128486,1,246,10
4128486,2,246,10
4128487,1,252,1
4128488,1,268,1
4128489,1,252,5
4128490,1,257,3
4128491,1,212,17
4128492,1,212,5
4128493,1,212,4
4128494,1,212,15
4128495,1,257,5
4128496,1,252,7
4128497,1,672,5
4128498,1,672,9
4128499,1,672,10
4128500,1,672,11
4128501,1,212,20
4128502,1,268,2
4128503,1,212,8
4128504,1,268,6
4128505,1,212,19
4128506,1,212,10
4128507,1,889,2
4128507,2,889,2
4128508,1,212,7
4128509,1,212,11
4128510,1,212,6
4128511,1,252,4
4128512,1,212,1
4128513,1,212,2
4128514,1,212,14
4128515,1,212,16
4128516,1,219,7
4128517,1,216,1
4128518,1,216,2
4128519,1,216,3
4128520,1,216,5
4128521,1,216,6
4128522,1,216,7
4128523,1,218,1
4128524,1,218,2
4128525,1,218,3
4128526,1,218,4
4128527,1,218,5
4128528,1,218,6
4128529,1,218,7
4128530,1,218,8
4128531,1,218,9
4128532,1,218,10
4128533,1,218,11
4128534,1,218,12
4128535,1,219,1
4128536,1,219,3
4128537,1,219,4
4128538,1,219,5
4128539,1,219,6
4128540,1,219,8
4128541,1,219,9
4128542,1,219,10
4128543,1,219,2
4128544,1,216,4
4128545,1,252,2
4128546,1,891,2
4128547,1,892,1
4128548,1,893,2
4128548,2,893,2
4128549,1,895,2
4128549,2,895,2
4128550,1,986,2
4128551,1,823,1
4128551,2,823,1
4128552,1,219,11
4128553,1,252,3
4128554,1,255,1
4128555,1,255,2
4128556,1,255,3
4128557,1,255,4
4128558,1,255,5
4128559,1,255,6
4128560,1,255,7
4128561,1,255,8
4128562,1,255,9
4128563,1,255,10
4128564,1,255,11
4128565,1,255,12
4128566,1,255,13
4128567,1,255,14
4128568,1,255,15
4128569,1,255,16
4128570,1,255,17
4128571,1,255,18
4128572,1,255,19
4128573,1,255,20
4128574,1,255,21
4128575,1,255,22
4128576,1,255,23
4128577,1,255,24
4128578,1,255,25
4128579,1,255,26
4128580,1,255,27
4128581,1,257,1
4128582,1,887,1
4128582,2,887,1
4128583,1,311,2
4128584,1,311,17
4128585,1,311,1
4128586,1,311,3
4128587,1,311,4
4128588,1,311,6
4128589,1,311,7
4128590,1,311,9
4128591,1,311,10
4128592,1,311,11
4128593,1,311,12
4128594,1,311,13
4128595,1,311,14
4128596,1,311,16
4128597,1,311,18
4128598,1,311,8
4128599,1,311,15
4128600,1,311,5
4128601,1,888,2
4128601,2,888,2
4128602,1,268,3
4128603,1,522,1
4128604,1,522,2
4128605,1,522,3
4128606,1,522,4
4128607,1,522,5
4128608,1,522,6
4128609,1,522,7
4128610,1,522,8
4128611,1,522,9
4128612,1,522,10
4128613,1,522,11
4128614,1,522,12
4128615,1,522,13
4128616,1,522,14
4128617,1,522,15
4128618,1,522,16
4128619,1,522,17
4128620,1,522,18
4128621,1,522,19
4128622,1,522,20
4128623,1,522,21
4128624,1,522,22
4128625,1,522,23
4128626,1,522,24
4128627,1,540,1
4128628,1,540,2
4128629,1,540,3
4128630,1,540,4
4128631,1,540,5
4128632,1,540,6
4128633,1,540,7
4128634,1,541,1
4128635,1,541,2
4128636,1,541,3
4128637,1,541,4
4128638,1,541,5
4128639,1,541,6
4128640,1,541,8
4128641,1,541,10
4128642,1,541,11
4128643,1,541,13
4128644,1,542,1
4128645,1,542,2
4128646,1,542,3
4128647,1,542,4
4128648,1,542,5
4128649,1,542,6
4128650,1,542,7
4128651,1,542,8
4128652,1,542,9
4128653,1,542,11
4128654,1,542,12
4128655,1,542,13
4128656,1,542,14
4128657,1,542,15
4128658,1,542,16
4128659,1,542,17
4128660,1,545,1
4128661,1,545,2
4128662,1,545,3
4128663,1,545,4
4128664,1,545,5
4128665,1,545,6
4128666,1,545,7
4128667,1,545,8
4128668,1,545,9
4128669,1,545,10
4128670,1,545,11
4128671,1,545,12
4128672,1,545,13
4128673,1,545,14
4128674,1,545,15
4128675,1,545,16
4128676,1,545,17
4128677,1,545,18
4128678,1,545,19
4128679,1,545,20
4128680,1,545,21
4128681,1,545,22
4128682,1,545,23
4128683,1,545,24
4128684,1,545,25
4128685,1,545,26
4128686,1,545,27
4128687,1,545,28
4128688,1,545,29
4128689,1,545,30
4128690,1,545,31
4128691,1,545,32
4128692,1,545,33
4128693,1,545,34
4128694,1,545,35
4128695,1,545,36
4128696,1,550,1
4128697,1,550,2
4128698,1,550,3
4128699,1,550,4
4128700,1,550,5
4128701,1,550,6
4128702,1,550,7
4128703,1,550,8
4128704,1,550,9
4128705,1,550,10
4128706,1,550,11
4128707,1,550,12
4128708,1,550,13
4128709,1,550,14
4128710,1,550,15
4128711,1,550,16
4128712,1,550,17
4128713,1,550,18
4128714,1,550,19
4128715,1,550,20
4128716,1,550,21
4128717,1,550,24
4128718,1,550,27
4128719,1,550,29
4128720,1,550,30
4128721,1,550,31
4128722,1,554,1
4128723,1,554,2
4128724,1,554,3
4128725,1,554,4
4128726,1,554,5
4128727,1,554,6
4128728,1,554,7
4128729,1,554,9
4128730,1,554,10
4128731,1,554,11
4128732,1,554,14
4128733,1,554,16
4128734,1,554,17
4128735,1,554,8
4128736,1,554,12
4128737,1,554,13
4128738,1,554,15
4128739,1,554,18
4128740,1,554,19
4128741,1,554,20
4128742,1,554,21
4128743,1,556,1
4128744,1,556,2
4128745,1,556,3
4128746,1,556,4
4128747,1,556,5
4128748,1,556,6
4128749,1,550,32
4128750,1,550,22
4128751,1,550,23
4128752,1,550,25
4128753,1,550,26
4128754,1,550,28
4128797,1,550,1
4128798,1,550,3
4128799,1,550,2
4128800,1,550,4
4128801,1,550,5
4128802,1,550,7
4128803,1,545,2
4128804,1,545,3
4128805,1,545,4
4128806,1,545,5
4128807,1,545,6
4128808,1,545,1
4128809,1,672,1
4128810,1,672,2
4128811,1,672,3
4128812,1,672,5
4128813,1,672,6
4128814,1,550,6
4128815,1,522,2
4128816,1,522,3
4128817,1,522,4
4128818,1,522,5
4128819,1,522,6
4128820,1,522,7
4128821,1,522,1
4128822,1,672,7
4128823,1,672,4
4128824,1,554,2
4128825,1,554,3
4128826,1,554,4
4128827,1,554,5
4128828,1,554,6
4128829,1,554,7
4128830,1,554,1
4128831,1,255,2
4128832,1,255,3
4128833,1,255,4
4128834,1,255,5
4128835,1,255,6
4128836,1,255,7
4128837,1,255,8
4128838,1,255,1
4128879,1,545,2
4128880,1,545,3
4128881,1,545,4
4128882,1,545,5
4128883,1,545,6
4128884,1,545,1
4128885,1,522,2
4128886,1,522,3
4128887,1,522,4
4128888,1,522,5
4128889,1,522,6
4128890,1,522,7
4128891,1,522,1
4128892,1,550,2
4128893,1,550,3
4128894,1,550,6
4128895,1,550,5
4128896,1,550,7
4128897,1,550,1
4128898,1,550,4
4128899,1,672,2
4128900,1,672,3
4128901,1,40,8
4128902,1,40,7
4128903,1,40,10
4128904,1,40,9
4128905,1,40,12
4128906,1,40,11
4128907,1,40,14
4128908,1,40,13
4128909,1,5,16
4128910,1,675,1
4128911,1,675,2
4128912,1,675,3
4128913,1,675,4
4128914,1,675,5
4128915,1,675,6
4128916,1,675,7
4128917,1,675,8
4128918,1,675,9
4128919,1,675,10
4128920,1,675,11
4128921,1,675,12
4128922,1,675,13
4128923,1,675,14
4128924,1,675,15
4128925,1,675,16
4128926,1,673,12
4128927,1,673,1
4128928,1,673,2
4128929,1,673,4
4128930,1,673,3
4128931,1,673,5
4128932,1,673,6
4128933,1,673,7
4128934,1,673,8
4128935,1,673,9
4128936,1,673,10
4128937,1,673,11
4128938,1,674,1
4128939,1,674,4
4128940,1,674,2
4128941,1,674,3
4128942,1,674,6
4128943,1,674,5
4128944,1,674,8
4128945,1,674,11
4128946,1,674,7
4128947,1,674,9
4128948,1,674,10
4128949,1,60,2
4128950,1,60,3
4128951,1,60,4
4128952,1,60,5
4128953,1,60,6
4128954,1,60,1
4128955,1,673,14
4128956,1,673,13
4128957,1,40,15
4128958,1,38,2
4128959,1,38,3
4128960,1,38,4
4128961,1,38,5
4128962,1,125,1
4128963,1,125,2
4128964,1,125,3
4128965,1,38,1
4128967,1,5,19
4128968,1,5,18
4128969,1,5,21
4128970,1,5,3
4128971,1,5,4
4128972,1,5,1
4128973,1,5,6
4128974,1,5,9
4128975,1,5,10
4128976,1,5,8
4128977,1,5,12
4128978,1,5,11
4128979,1,5,2
4128980,1,5,5
4128981,1,5,7
4128982,1,5,16
4128983,1,5,14
4128984,1,5,13
4128985,1,5,15
4128986,1,5,17
4128987,1,5,20
4128988,1,675,1
4128989,1,675,2
4128990,1,675,3
4128991,1,675,4
4128992,1,675,5
4128993,1,675,6
4128994,1,675,7
4128995,1,675,8
4128996,1,675,9
4128997,1,675,10
4128998,1,675,11
4128999,1,675,12
4129000,1,675,13
4129001,1,672,5
4129002,1,672,6
4129003,1,672,1
4129004,1,672,7
4129005,1,672,4
4129006,1,554,3
4129007,1,554,2
4129008,1,554,4
4129009,1,554,5
4129010,1,554,6
4129011,1,554,7
4129012,1,554,1
4129013,1,255,2
4129014,1,255,3
4129015,1,255,4
4129016,1,255,5
4129017,1,255,6
4129018,1,255,1
4129101,1,673,10
4129102,1,673,1
4129103,1,673,9
4129104,1,673,2
4129105,1,673,4
4129106,1,673,3
4129107,1,673,5
4129108,1,673,6
4129109,1,673,7
4129110,1,673,8
4129111,1,674,1
4129112,1,674,4
4129113,1,674,2
4129114,1,674,3
4129115,1,674,5
4129116,1,674,6
4129117,1,674,8
4129118,1,674,9
4129119,1,674,7
4129120,1,60,2
4129121,1,60,3
4129122,1,60,4
4129123,1,60,5
4129124,1,60,1
4129125,1,673,12
4129126,1,673,11
4129127,1,38,2
4129128,1,125,1
4129129,1,125,2
4129130,1,125,3
4129131,1,38,1
4129133,1,5,21
4129134,1,5,7
4129135,1,5,1
4129136,1,5,4
4129137,1,5,10
4129138,1,5,9
4129139,1,5,2
4129140,1,5,12
4129141,1,5,16
4129142,1,5,5
4129143,1,5,15
4129144,1,5,19
4129145,1,5,13
4129146,1,5,24
4129147,1,18,12
4129148,1,355,8
4129149,1,303,4
4129150,1,5,6
4129151,1,56,3
4129152,1,15,12
4129153,1,303,2
4129154,1,55,12
4129155,1,18,16
4129156,1,17,8
4129157,1,43,1
4129158,1,21,10
4129159,1,56,1
4129160,1,987,2
4129161,1,355,1
4129162,1,18,10
4129163,1,56,2
4129164,1,5,26
4129165,1,43,2
4129166,1,17,1
4129167,1,18,1
4129168,1,21,1
4129169,1,57,11
4129170,1,43,3
4129171,1,355,10
4129172,1,15,10
4129173,1,303,10
4129174,1,355,12
4129175,1,988,2
4129176,1,15,13
4129177,1,57,2
4129178,1,18,15
4129179,1,17,6
4129180,1,21,4
4129181,1,303,9
4129182,1,994,1
4129183,1,987,1
4129184,1,17,3
4129185,1,18,13
4129186,1,5,14
4129187,1,21,11
4129188,1,56,6
4129189,1,995,1
4129190,1,980,1
4129191,1,303,5
4129192,1,56,9
4129193,1,55,2
4129194,1,303,1
4129195,1,18,3
4129196,1,56,8
4129197,1,994,2
4129198,1,5,11
4129199,1,57,1
4129200,1,303,3
4129201,1,303,12
4129202,1,303,7
4129203,1,995,2
4129204,1,21,2
4129205,1,21,5
4129206,1,984,1
4129207,1,355,4
4129208,1,18,2
4129209,1,55,11
4129210,1,303,8
4129211,1,355,11
4129212,1,355,9
4129213,1,303,6
4129214,1,17,9
4129215,1,21,12
4129216,1,21,3
4129217,1,355,3
4129218,1,55,3
4129219,1,17,2
4129220,1,5,29
4129221,2,981,1
4129222,1,303,11
4129223,1,355,6
4129224,1,17,7
4129225,1,56,4
4129226,1,355,13
4129227,1,5,3
4129228,1,57,10
4129229,1,15,2
4129230,1,15,14
4129231,1,5,28
4129232,1,5,33
4129233,1,988,1
4129234,1,55,13
4129235,1,18,4
4129236,1,5,22
4129237,1,56,7
4129238,1,18,11
4129239,1,56,5
4129240,1,55,14
4129241,1,355,7
4129242,1,15,1
4129243,1,15,11
4129244,1,57,3
4129245,1,18,14
4129246,1,55,1
4129247,1,55,10
4129248,1,355,15
4129249,1,40,1
4129250,1,40,3
4129251,1,40,2
4129252,1,40,4
4129253,1,40,7
4129254,1,40,5
4129255,1,40,9
4129256,1,40,6
4129257,1,40,8
4129258,1,40,14
4129259,1,40,10
4129260,1,40,11
4129261,1,40,17
4129262,1,40,12
4129263,1,40,18
4129264,1,40,13
4129265,1,40,16
4129266,1,40,19
4129267,1,40,22
4129268,1,40,21
4129269,1,40,23
4129270,1,40,24
4129271,1,40,25
4129272,1,40,26
4129273,1,40,27
4129274,1,40,30
4129275,1,40,29
4129276,1,40,32
4129277,1,40,34
4129278,1,5,18
4129279,1,5,27
4129280,1,5,30
4129281,1,17,4
4129282,1,5,23
4129283,1,15,3
4129284,1,40,31
4129285,1,40,20
4129286,1,15,4
4129287,1,5,31
4129288,1,40,33
4129289,1,21,15
4129290,1,214,19
4129291,1,214,18
4129292,1,214,17
4129293,1,214,16
4129294,1,214,3
4129295,1,214,1
4129296,1,214,9
4129297,1,214,8
4129298,1,214,7
4129299,1,214,5
4129300,1,214,15
4129301,1,214,14
4129302,1,214,13
4129303,1,214,12
4129304,1,214,11
4129305,1,214,6
4129306,1,214,4
4129307,1,214,2
4129308,1,355,16
4129309,1,675,1
4129310,1,675,2
4129311,1,675,3
4129312,1,675,4
4129313,1,675,6
4129314,1,675,7
4129315,1,675,5
4129316,1,675,8
4129317,1,675,11
4129318,1,675,10
4129319,1,675,9
4129320,1,675,12
4129321,1,675,14
4129322,1,675,15
4129323,1,675,16
4129324,1,675,18
4129325,1,675,17
4129326,1,675,19
4129327,1,675,21
4129328,1,675,22
4129329,1,675,23
4129330,1,675,30
4129331,1,675,31
4129332,1,675,32
4129333,1,675,33
4129334,1,675,35
4129335,1,675,36
4129336,1,675,37
4129337,1,675,38
4129338,1,675,39
4129339,1,675,40
4129340,1,675,42
4129341,1,675,43
4129342,1,675,45
4129343,1,5,25
4129344,1,56,10
4129345,1,5,20
4129346,1,21,13
4129347,1,355,5
4129348,1,21,14
4129349,1,355,2
4129350,1,40,15
4129351,1,214,10
4129352,1,675,24
4129353,1,674,13
4129354,1,675,20
4129355,1,675,34
4129356,1,675,41
4129357,1,675,44
4129358,1,673,32
4129359,1,673,1
4129360,1,673,26
4129361,1,673,2
4129362,1,673,4
4129363,1,673,3
4129364,1,673,6
4129365,1,673,23
4129366,1,673,5
4129367,1,673,7
4129368,1,673,30
4129369,1,673,8
4129370,1,673,10
4129371,1,673,27
4129372,1,673,11
4129373,1,673,12
4129374,1,673,29
4129375,1,673,14
4129376,1,673,13
4129377,1,673,16
4129378,1,673,17
4129379,1,673,18
4129380,1,673,25
4129381,1,673,31
4129382,1,673,21
4129383,1,673,28
4129384,1,674,2
4129385,1,674,1
4129386,1,674,4
4129387,1,674,3
4129388,1,674,6
4129389,1,674,22
4129390,1,674,5
4129391,1,674,9
4129392,1,674,7
4129393,1,674,24
4129394,1,674,8
4129395,1,674,25
4129396,1,674,10
4129397,1,674,14
4129398,1,674,20
4129399,1,674,11
4129400,1,674,12
4129401,1,674,19
4129402,1,674,15
4129403,1,674,16
4129404,1,674,17
4129405,1,674,21
4129406,1,674,23
4129407,1,674,27
4129408,1,674,26
4129409,1,673,9
4129410,1,673,15
4129411,1,673,24
4129412,1,63,2
4129413,1,63,1
4129414,1,40,28
4129415,1,63,10
4129416,1,63,11
4129417,1,63,12
4129418,1,63,13
4129419,1,63,14
4129420,1,355,14
4129421,1,5,17
4129422,1,15,15
4129423,1,63,3
4129424,1,60,1
4129425,1,60,2
4129426,1,60,4
4129427,1,60,5
4129428,1,60,3
4129429,1,60,6
4129430,1,60,7
4129431,1,60,8
4129432,1,60,9
4129433,1,60,10
4129434,1,60,11
4129435,1,60,12
4129435,2,60,12
4129436,1,673,34
4129437,1,673,33
4129438,1,5,32
4129439,1,38,1
4129440,1,38,2
4129441,1,38,3
4129442,1,38,4
4129443,1,38,5
4129444,1,38,6
4129445,1,125,1
4129446,1,125,2
4129447,1,125,3
4129448,1,125,4
4129449,1,125,5
4129450,1,125,6
4129451,1,674,28
4129452,1,40,35
4129453,1,673,22
4129454,1,675,13
4129455,1,673,19
4129456,1,673,20
4130505,1,96,2
4130506,1,96,3
4130507,1,96,4
4130508,1,96,1
4130509,1,96,2
4130510,1,96,3
4130511,1,96,1
4130512,1,96,2
4130513,1,96,3
4130514,1,96,5
4130515,1,96,6
4130516,1,96,1
4130517,1,96,4
4132001,1,308,4
4132002,1,312,21
4132003,1,309,1
4132004,1,308,1
4132005,1,74,16
4132006,1,74,3
4132007,1,316,7
4132008,1,76,1
4132009,1,77,9
4132010,1,74,17
4132011,1,41,16
4132012,1,312,14
4132013,1,301,8
4132014,1,41,39
4132015,1,312,1
4132016,1,316,8
4132017,1,312,23
4132018,1,304,3
4132019,1,41,8
4132020,1,77,12
4132021,1,312,2
4132022,1,41,7
4132023,1,41,44
4132024,1,41,4
4132025,1,312,4
4132026,1,316,2
4132027,1,76,2
4132028,1,316,9
4132029,1,41,31
4132030,1,41,9
4132031,1,309,2
4132032,1,316,5
4132033,1,77,5
4132034,1,41,37
4132035,1,301,1
4132036,1,301,5
4132037,1,316,6
4132038,1,41,13
4132039,1,312,16
4132040,1,74,2
4132041,1,301,12
4132042,1,74,5
4132043,1,77,10
4132044,1,301,13
4132045,1,309,3
4132046,1,75,15
4132047,1,661,3
4132048,1,41,35
4132049,1,41,5
4132050,1,301,16
4132051,1,77,2
4132052,1,312,18
4132053,1,301,2
4132054,1,74,15
4132055,1,74,6
4132056,1,41,40
4132057,1,74,1
4132058,1,77,7
4132059,1,75,12
4132060,1,301,17
4132061,1,301,3
4132062,1,74,8
4132063,1,312,5
4132064,1,316,4
4132065,1,41,32
4132066,1,77,1
4132067,1,74,18
4132068,1,301,14
4132069,1,41,34
4132070,1,76,3
4132071,1,316,1
4132072,1,41,3
4132073,1,77,11
4132074,1,74,4
4132075,1,41,29
4132076,1,301,7
4132077,1,76,7
4132078,1,41,2
4132079,1,372,17
4132080,1,41,11
4132081,1,372,3
4132082,1,73,6
4132083,1,41,14
4132084,1,65,10
4132085,1,73,8
4132085,2,73,8
4132086,1,312,13
4132087,1,41,27
4132088,1,372,7
4132089,1,65,9
4132090,1,301,4
4132091,1,73,5
4132092,1,76,5
4132093,1,41,6
4132094,1,65,12
4132095,1,41,17
4132096,1,41,23
4132097,1,304,7
4132098,1,304,1
4132098,2,304,1
4132099,1,372,10
4132100,1,312,12
4132101,1,41,15
4132102,1,372,20
4132103,1,65,4
4132104,1,372,6
4132105,1,77,4
4132106,1,331,11
4132107,1,661,11
4132108,1,372,15
4132109,1,372,4
4132110,1,41,12
4132111,1,304,4
4132112,1,41,26
4132113,1,71,4
4132114,1,73,1
4132115,1,304,2
4132116,1,65,11
4132117,1,74,12
4132118,1,372,16
4132119,1,331,8
4132120,1,312,20
4132121,1,331,1
4132122,1,372,21
4132123,1,346,4
4132124,1,41,33
4132125,1,65,6
4132126,1,331,3
4132127,1,312,11
4132128,1,342,13
4132129,1,342,11
4132130,1,308,3
4132130,2,308,3
4132131,1,74,10
4132132,1,73,2
4132133,1,331,4
4132134,1,71,1
4132135,1,316,3
4132136,1,65,5
4132137,1,71,2
4132138,1,372,2
4132138,2,372,2
4132139,1,372,18
4132140,1,661,10
4132141,1,331,10
4132142,1,346,7
4132142,2,346,7
4132143,1,41,28
4132144,1,372,12
4132144,2,372,12
4132145,1,372,14
4132146,1,342,14
4132146,2,342,14
4132147,1,346,2
4132148,1,65,1
4132149,1,71,3
4132150,1,372,13
4132150,2,372,13
4132151,1,346,1
4132152,1,372,9
4132152,2,372,9
4132153,1,73,3
4132154,1,346,3
4132155,1,73,4
4132156,1,65,3
4132157,1,346,6
4132158,1,41,1
4132159,1,331,6
4132160,1,41,30
4132161,1,65,8
4132162,1,304,5
4132163,1,301,10
4132164,1,301,6
4132165,1,661,1
4132166,1,65,7
4132167,1,77,3
4132168,1,65,15
4132169,1,65,16
4132170,1,65,13
4132171,1,304,6
4132172,1,661,12
4132173,1,661,2
4132174,1,41,10
4132175,1,308,2
4132176,1,312,10
4132177,1,41,20
4132178,1,74,7
4132178,2,74,7
4132179,1,65,14
4132180,1,41,18
4132181,1,372,8
4132182,1,331,5
4132183,1,346,5
4132184,1,78,1
4132185,1,77,6
4132186,1,372,5
4132187,1,331,9
4132188,1,331,2
4132189,1,65,2
4132190,1,74,9
4132191,1,41,21
4132192,1,661,13
4132193,1,372,1
4132194,1,73,7
4132195,1,331,7
4132196,1,330,1
4132197,1,312,3
4132198,1,342,12
4132199,1,75,18
4132200,1,75,17
4132201,1,75,1
4132202,1,301,15
4132203,1,75,24
4132204,1,75,19
4132204,2,75,19
4132205,1,301,11
4132206,1,316,10
4132207,1,75,21
4132208,1,75,16
4132209,1,31,1
4132210,1,75,2
4132211,1,75,4
4132212,1,75,8
4132213,1,75,6
4132214,1,75,11
4132215,1,74,13
4132217,1,75,9
4132217,2,75,9
4132218,1,75,23
4132219,1,75,3
4132220,1,312,17
4132221,1,75,7
4132222,1,312,22
4132223,1,75,10
4132223,2,75,10
4132224,1,75,5
4132225,1,75,22
4132226,1,76,6
4132227,1,301,9
4132228,1,75,14
4132229,1,75,20
4132230,1,75,13
4132231,1,65,18
4132232,1,65,19
4132233,1,65,17
4132234,1,65,21
4132235,1,74,14
4132236,1,77,8
4132237,1,41,25
4132238,1,41,41
4132239,1,74,11
4132240,1,41,24
4132241,1,41,45
4132242,1,65,20
4132243,1,73,10
4132244,1,372,19
4132245,1,372,11
4132245,2,372,11
4132246,1,312,6
4132247,1,312,8
4132248,1,41,19
4132249,1,312,7
4132250,1,41,22
4132251,1,312,9
4132252,1,76,4
4132253,1,372,22
4132254,1,73,9
4132255,1,41,42
4132256,1,74,19
4132257,1,41,46
4132258,1,41,36
4132259,1,41,43
4132260,1,41,38
4132261,1,76,8
4132262,1,304,8
4132263,1,77,13
4132264,1,312,19
4132265,1,312,15
4139102,1,62,10
4140501,1,599,1
4140502,1,599,5
4140503,1,599,7
4140504,1,599,3
4140505,1,599,8
4140506,1,599,9
4140507,1,599,10
4140508,1,599,11
4140509,1,599,2
4140510,1,599,6
4140511,1,599,4
4140512,1,599,1
4140513,1,599,2
4140514,1,599,7
4140515,1,599,4
4140516,1,599,8
4140517,1,599,10
4140518,1,599,9
4140519,1,599,11
4140520,1,599,3
4140521,1,599,5
4140522,1,599,6
4140523,1,599,3
4140524,1,599,1
4140525,1,599,8
4140526,1,599,4
4140527,1,599,9
4140528,1,599,17
4140529,1,599,12
4140530,1,599,7
4140531,1,599,2
4140532,1,599,16
4140533,1,599,13
4140534,1,599,10
4140535,1,599,14
4140536,1,599,11
4140537,1,599,6
4140538,1,599,18
4140539,1,599,19
4140540,1,599,22
4140541,1,599,23
4140542,1,599,20
4140543,1,599,21
4140547,1,599,5
4140548,1,599,15
4141001,1,1,1
4141002,1,1,2
4141003,1,1,3
4141004,1,1,4
4141005,1,1,5
4141006,1,1,6
4141007,1,1,7
4141008,1,1,8
4141009,1,1,9
4141010,1,1,10
4141011,1,1,12
4141012,1,1,13
4141013,1,2,1
4141014,1,2,2
4141015,1,2,3
4141016,1,2,4
4141017,1,2,5
4141018,1,2,6
4141019,1,2,7
4141020,1,2,8
4141021,1,2,9
4141022,1,2,10
4141023,1,2,11
4141024,1,2,12
4141025,1,2,13
4141026,1,2,14
4141027,1,2,15
4141028,1,2,16
4141029,1,2,17
4141030,1,2,18
4141031,1,2,19
4141032,1,2,20
4141033,1,2,21
4141034,1,12,1
4141035,1,12,2
4141036,1,12,3
4141037,1,12,4
4141038,1,12,5
4141039,1,12,6
4141040,1,12,7
4141041,1,12,8
4141042,1,12,9
4141043,1,12,10
4141044,1,36,1
4141045,1,36,2
4141046,1,36,3
4141047,1,36,5
4141048,1,36,6
4141049,1,36,8
4141050,1,36,9
4141051,1,36,10
4141052,1,36,11
4141053,1,36,12
4141054,1,36,13
4141055,1,36,14
4141056,1,36,15
4141057,1,36,16
4141058,1,36,17
4141059,1,36,18
4141060,1,36,19
4141061,1,36,20
4141062,1,36,22
4141063,1,36,23
4141064,1,36,24
4141065,1,47,1
4141066,1,47,2
4141067,1,47,3
4141068,1,7,1
4141069,1,7,2
4141070,1,7,3
4141071,1,7,4
4141072,1,7,5
4141073,1,7,6
4141074,1,7,7
4141075,1,7,8
4141076,1,7,9
4141077,1,7,10
4141078,1,7,11
4141079,1,7,12
4141080,1,7,13
4141081,1,7,14
4141082,1,7,15
4141083,1,7,16
4141084,1,7,17
4141085,1,7,18
4141086,1,7,19
4141087,1,7,20
4141088,1,7,21
4141089,1,7,22
4141090,1,7,23
4141091,1,7,24
4141092,1,7,25
4141093,1,7,26
4141094,1,7,27
4141095,1,7,28
4141096,1,7,29
4141097,1,7,30
4141098,1,7,31
4141099,1,7,32
4141100,1,7,33
4141101,1,70,1
4141102,1,70,2
4141103,1,70,3
4141104,1,70,4
4141105,1,70,5
4141106,1,70,6
4141107,1,70,8
4141108,1,70,9
4141109,1,70,11
4141110,1,70,12
4141111,1,70,13
4141112,1,70,14
4141113,1,70,15
4141114,1,70,16
4141115,1,70,17
4141116,1,70,18
4141117,1,70,19
4141118,1,36,4
4141119,1,36,7
4141120,1,44,1
4141121,1,44,2
4141122,1,44,3
4141123,1,44,5
4141124,1,44,6
4141125,1,44,7
4141126,1,44,8
4141127,1,44,9
4141128,1,44,10
4141129,1,44,11
4141130,1,44,12
4141131,1,44,13
4141132,1,44,14
4141133,1,44,15
4141134,1,44,16
4141135,1,44,17
4141136,1,44,18
4141137,1,44,19
4141138,1,44,20
4141139,1,120,34
4141140,1,44,23
4141141,1,44,25
4141142,1,120,1
4141143,1,120,2
4141144,1,120,3
4141145,1,120,4
4141146,1,120,5
4141147,1,120,6
4141148,1,120,7
4141149,1,120,8
4141150,1,120,9
4141151,1,120,10
4141152,1,120,11
4141153,1,120,12
4141154,1,120,13
4141155,1,120,14
4141156,1,120,15
4141157,1,120,16
4141158,1,120,17
4141159,1,120,18
4141160,1,120,19
4141161,1,120,20
4141162,1,120,21
4141163,1,120,22
4141164,1,120,23
4141165,1,120,24
4141166,1,120,25
4141167,1,120,26
4141168,1,120,27
4141169,1,120,28
4141170,1,120,29
4141171,1,120,30
4141172,1,120,31
4141173,1,120,32
4141174,1,120,33
4141175,1,120,35
4141176,1,3,1
4141177,1,3,2
4141178,1,3,3
4141179,1,3,4
4141180,1,3,5
4141181,1,3,6
4141182,1,3,7
4141183,1,3,8
4141184,1,3,9
4141185,1,3,10
4141186,1,3,11
4141187,1,3,12
4141188,1,3,13
4141189,1,3,14
4141190,1,3,15
4141191,1,3,16
4141192,1,3,17
4141193,1,3,18
4141194,1,3,19
4141195,1,3,20
4141196,1,3,21
4141197,1,3,22
4141198,1,3,23
4141199,1,3,24
4141200,1,3,25
4141201,1,10,1
4141202,1,10,10
4141203,1,10,2
4141204,1,10,3
4141205,1,10,4
4141206,1,10,5
4141207,1,10,6
4141208,1,10,7
4141209,1,10,8
4141210,1,10,9
4141211,1,44,4
4141212,1,12,2
4141213,1,12,3
4141214,1,12,4
4141215,1,12,1
4141216,1,2,1
4141217,1,2,2
4141218,1,2,3
4141219,1,2,4
4141220,1,2,5
4141221,1,2,6
4141222,1,2,7
4141223,1,47,1
4141224,1,2,8
4141225,1,1,2
4141226,1,1,4
4141227,1,1,6
4141228,1,1,5
4141229,1,1,1
4141230,1,1,7
4141231,1,1,3
4141232,1,7,1
4141233,1,7,2
4141234,1,7,3
4141235,1,7,4
4141236,1,7,5
4141237,1,7,6
4141238,1,7,7
4141239,1,7,8
4141240,1,7,9
4141241,1,7,10
4141242,1,7,11
4141243,1,7,12
4141244,1,7,13
4141245,1,7,14
4141246,1,7,15
4141247,1,7,16
4141248,1,7,17
4141249,1,7,18
4141250,1,7,19
4141251,1,7,20
4141252,1,7,21
4141253,1,44,1
4141254,1,44,2
4141255,1,44,3
4141256,1,44,4
4141257,1,44,5
4141258,1,44,6
4141259,1,44,7
4141260,1,44,8
4141261,1,44,9
4141262,1,120,1
4141263,1,120,2
4141264,1,120,3
4141265,1,120,4
4141266,1,120,5
4141267,1,120,6
4141268,1,120,7
4141269,1,120,8
4141270,1,120,9
4141271,1,120,10
4141272,1,120,11
4141273,1,120,12
4141274,1,120,13
4141275,1,120,14
4141276,1,120,15
4141277,1,120,16
4141278,1,120,17
4141279,1,120,18
4141280,1,36,1
4141281,1,36,2
4141282,1,36,3
4141283,1,36,4
4141284,1,36,5
4141285,1,36,6
4141286,1,36,7
4141287,1,36,8
4141288,1,36,9
4141289,1,36,10
4141290,1,36,11
4141291,1,36,12
4141292,1,36,13
4141293,1,70,1
4141294,1,70,2
4141295,1,70,3
4141296,1,70,4
4141297,1,70,5
4141298,1,70,6
4141299,1,70,7
4141300,1,3,1
4141301,1,3,2
4141302,1,3,3
4141303,1,3,4
4141304,1,3,5
4141305,1,3,6
4141306,1,3,7
4141307,1,3,8
4141308,1,3,9
4141309,1,3,10
4141310,1,3,11
4141311,1,10,1
4141312,1,10,2
4141313,1,10,3
4141314,1,10,4
4141315,1,12,2
4141316,1,47,1
4141317,1,12,1
4141318,1,2,2
4141319,1,2,3
4141320,1,2,4
4141321,1,2,1
4141322,1,1,2
4141323,1,1,3
4141324,1,1,4
4141325,1,1,5
4141326,1,1,1
4141327,1,7,1
4141328,1,7,2
4141329,1,7,3
4141330,1,7,4
4141331,1,7,5
4141332,1,7,6
4141333,1,7,7
4141334,1,7,8
4141335,1,7,9
4141336,1,7,10
4141337,1,7,11
4141338,1,7,12
4141339,1,7,13
4141340,1,7,14
4141341,1,7,15
4141342,1,7,16
4141343,1,7,17
4141344,1,7,18
4141345,1,7,19
4141346,1,7,20
4141347,1,44,2
4141348,1,44,3
4141349,1,44,4
4141350,1,44,5
4141351,1,44,6
4141352,1,44,7
4141353,1,44,1
4141354,1,120,2
4141355,1,120,3
4141356,1,120,4
4141357,1,120,5
4141358,1,120,6
4141359,1,120,7
4141360,1,120,1
4141361,1,36,1
4141362,1,36,2
4141363,1,36,3
4141364,1,36,4
4141365,1,36,5
4141366,1,36,6
4141367,1,36,7
4141368,1,36,8
4141369,1,36,9
4141370,1,70,1
4141371,1,70,2
4141372,1,70,3
4141373,1,70,4
4141374,1,70,5
4141375,1,70,6
4141376,1,3,1
4141377,1,3,2
4141378,1,3,3
4141379,1,3,4
4141380,1,3,5
4141381,1,3,6
4141382,1,3,7
4141383,1,3,8
4141384,1,3,9
4141385,1,10,1
4141386,1,10,2
4141387,1,10,3
4141388,1,10,4
4141801,1,98,1
4141802,1,98,2
4141803,1,98,3
4141804,1,98,1
4141805,1,98,2
4141806,1,98,3
4141807,1,930,1
4141808,1,930,2
4141809,1,930,4
4141810,1,930,5
4141811,1,930,3
4141812,1,930,6
4141813,1,917,1
4141814,1,914,1
4141815,1,914,2
4141816,1,914,3
4141817,1,910,1
4141818,1,908,1
4141819,1,913,1
4141820,1,913,2
4141821,1,913,3
4141822,1,913,4
4141823,1,907,1
4141824,1,907,2
4141825,1,907,3
4141826,1,931,2
4141827,1,931,3
4141828,1,931,4
4141829,1,931,7
4141830,1,931,8
4141831,1,931,1
4141832,1,975,1
4141833,1,975,2
4141834,1,906,1
4141835,1,906,2
4141838,1,973,1
4141839,1,773,2
4141840,1,773,1
4141841,1,931,6
4141842,1,931,5
4141843,1,628,2
4141844,1,628,3
4141845,1,628,4
4141846,1,628,5
4141847,1,628,6
4141848,1,630,2
4141849,1,630,3
4141850,1,630,4
4141851,1,630,5
4141852,1,630,6
4141853,1,630,1
4141854,1,631,1
4141855,1,901,1
4141856,1,903,1
4141857,1,903,2
4141858,1,903,3
4141859,1,903,4
4141860,1,903,5
4141861,1,903,6
4141862,1,903,7
4141863,1,903,8
4141864,1,903,9
4141865,1,628,1
4141866,1,973,2
4141867,1,773,4
4141868,1,773,3
4141869,1,915,1
4141870,1,915,2
4141871,1,914,2
4141872,1,914,1
4141873,1,914,3
4141874,1,917,1
4141875,1,910,1
4141876,1,908,1
4141877,1,915,1
4141878,1,906,1
4141879,1,906,2
4141880,1,903,2
4141881,1,903,1
4141882,1,903,1
4141883,1,903,2
4141901,1,895,61
4141906,1,893,61
4142201,1,346,6
4142202,1,331,6
4142203,1,346,2
4142204,1,331,7
4142205,1,346,1
4142206,1,346,4
4142207,1,346,3
4142208,1,331,1
4142209,1,331,3
4142210,1,331,5
4142211,1,331,4
4142212,1,331,2
4142213,1,331,8
4142214,1,41,1
4142215,1,41,2
4142216,1,41,3
4142217,1,41,4
4142218,1,41,5
4142219,1,41,6
4142220,1,41,7
4142221,1,41,9
4142222,1,75,12
4142223,1,75,4
4142224,1,75,3
4142225,1,75,8
4142226,1,75,1
4142227,1,75,7
4142228,1,75,2
4142229,1,75,9
4142230,1,75,11
4142231,1,75,10
4142232,1,75,5
4142233,1,41,8
4142234,1,71,1
4142235,1,71,2
4142236,1,71,3
4142237,1,73,1
4142238,1,73,2
4142239,1,65,1
4142240,1,65,7
4142241,1,65,5
4142242,1,65,4
4142243,1,65,9
4142244,1,65,8
4142245,1,65,2
4142246,1,65,6
4142247,1,65,3
4142248,1,372,1
4142249,1,372,5
4142250,1,372,4
4142251,1,372,3
4142252,1,372,2
4142253,1,73,3
4142254,1,346,7
4142255,1,65,11
4142256,1,65,10
4142257,1,372,6
4142258,1,75,6
4142259,1,75,1
4142260,1,75,3
4142261,1,75,2
4142262,1,75,4
4142263,1,75,5
4142264,1,75,6
4142265,1,331,2
4142266,1,331,3
4142267,1,331,4
4142268,1,331,5
4142269,1,331,7
4142270,1,331,6
4142271,1,331,8
4142272,1,331,1
4142273,1,331,9
4142274,1,331,11
4142275,1,41,1
4142276,1,41,2
4142277,1,41,9
4142278,1,41,3
4142279,1,41,4
4142280,1,41,6
4142281,1,41,8
4142282,1,41,7
4142283,1,65,1
4142284,1,65,6
4142285,1,65,3
4142286,1,65,2
4142287,1,65,4
4142288,1,65,5
4142289,1,372,2
4142290,1,372,3
4142291,1,372,1
4142292,1,331,10
4142293,1,40,1
4142294,1,40,2
4142295,1,40,3
4142296,1,40,4
4142297,1,40,5
4142298,1,40,6
4142299,1,40,7
4142300,1,40,8
4142301,1,40,9
4142302,1,40,10
4142303,1,40,11
4142304,1,40,12
4142305,1,40,13
4142306,1,40,14
